1.099749911619578668e+01
1.101470534069674301e+01
1.098716251191357962e+01
1.101600909644998083e+01
1.101123976633359725e+01
1.099884848189073949e+01
1.099550958560728198e+01
1.099270160437530208e+01
1.100290974807408340e+01
1.098162588585058153e+01
1.097845642271429156e+01
1.099820559005787146e+01
1.098509710560195352e+01
1.099331605768161069e+01
1.099231721644212811e+01
1.099335518815404100e+01
1.098878583139145348e+01
1.097744028974804920e+01
1.098802132475210058e+01
1.100301491827510780e+01
1.101947393519854757e+01
1.102339491772666236e+01
1.099770021132280640e+01
1.099017612236014507e+01
1.100355150981269148e+01
1.099975696715303819e+01
1.102304752380806185e+01
1.098488292989140191e+01
1.100783163470095793e+01
1.099441930599535944e+01
1.099298253454619889e+01
1.100419308265115959e+01
1.099313069252683839e+01
1.100428507375614373e+01
1.100043399638840036e+01
1.099808556288976469e+01
1.100137514183193765e+01
1.099437980949902816e+01
1.100543405575891676e+01
1.099784931276919764e+01
1.099642999085306450e+01
1.100948871107553373e+01
1.101439297764020075e+01
1.098315135005886667e+01
1.099269777163276274e+01
1.099610679047881412e+01
1.100896347792471630e+01
1.102183253529148033e+01
1.101865891188461610e+01
1.101310273559100494e+01
1.099465668973985544e+01
1.102409428802633684e+01
1.099323684072017393e+01
1.098751402452347214e+01
1.101654161131669341e+01
1.099272370653050324e+01
1.100495193597168431e+01
1.098431277948108686e+01
1.100614958993302395e+01
1.101183629959984778e+01
1.099394540596435732e+01
1.099692041344030180e+01
1.099679504005960062e+01
1.100670681446252708e+01
1.099286626206356665e+01
1.099053132298730517e+01
1.099872548803167405e+01
1.099488408327384192e+01
1.100991130717462951e+01
1.099286414703195902e+01
1.100005989517515026e+01
1.101576838021252058e+01
1.100342460182039517e+01
1.101113669056009670e+01
1.101556536285191967e+01
1.100676898625549427e+01
1.100523178733043217e+01
1.101851700328764849e+01
1.102536445390233943e+01
1.099878939815506840e+01
1.098530656177828391e+01
1.099454759416542338e+01
1.098973613441675923e+01
1.099791671845277463e+01
1.098879682898401278e+01
1.100264020150097366e+01
1.099701885949753688e+01
1.101255690426828870e+01
1.101849326673696261e+01
1.100117794867140830e+01
1.099401711037004858e+01
1.100233286214606387e+01
1.101263310306964982e+01
1.099764043843512873e+01
1.100130913864723148e+01
1.099392177998188025e+01
1.099888081841805487e+01
1.099751085696361130e+01
1.099320509192468442e+01
1.100014705373550505e+01
