1.099463914798485398e+01
1.101470535948796936e+01
1.099374756498180616e+01
1.100946866572075322e+01
1.102172969122437252e+01
1.100783716107460108e+01
1.100047618661433013e+01
1.098494316835028783e+01
1.099930796426065704e+01
1.099844607496780391e+01
1.099168324409838959e+01
1.099807276187568839e+01
1.099635541647464088e+01
1.099020571948276981e+01
1.099852513819316080e+01
1.099365262930555787e+01
1.100055330506596896e+01
1.098190156883359059e+01
1.101317899896334751e+01
1.100901596240273506e+01
1.100132185796888784e+01
1.101044221689055291e+01
1.101779182464036566e+01
1.098776244797110024e+01
1.100334057217044403e+01
1.102877216829190488e+01
1.102253594949889148e+01
1.100261957750243624e+01
1.098864203496845882e+01
1.100210068336334501e+01
1.097131886303551873e+01
1.099154483760101897e+01
1.101707367964407069e+01
1.099561303060810680e+01
1.100354158919409286e+01
1.099419709880438312e+01
1.101624091762535684e+01
1.100608459830460895e+01
1.099559123372667102e+01
1.100812548170784666e+01
1.098763656878993622e+01
1.099726719859540935e+01
1.099231914272192689e+01
1.100478144859368435e+01
1.098732264894091237e+01
1.099738947037366898e+01
1.099407176771195793e+01
1.100015900010843239e+01
1.099614403277603358e+01
1.100542928772545892e+01
1.098032746982978658e+01
1.100342431538289389e+01
1.099263033265849465e+01
1.099383277924003366e+01
1.100842534578756826e+01
1.101701424989870404e+01
1.099522632454031168e+01
1.100941615640371118e+01
1.098740865281105705e+01
1.100342417535265938e+01
1.100677741827375478e+01
1.098988873432340618e+01
1.099813438908232577e+01
1.101241054350787429e+01
1.098738578224356033e+01
1.097905244315887430e+01
1.100229051045599427e+01
1.099837691702754761e+01
1.100836948525920356e+01
1.101428705405232655e+01
1.099473163723904001e+01
1.099716519117378510e+01
1.099965582429649835e+01
1.100222792405335248e+01
1.102140773095146464e+01
1.100516737380113241e+01
1.099719504027122241e+01
1.099368227235608408e+01
1.101594837570219632e+01
1.098899459896197328e+01
1.100583631451706168e+01
1.101442327699964530e+01
1.100425230260312581e+01
1.099805914430088549e+01
1.099154769004675281e+01
1.099661452508447290e+01
1.100544268992592656e+01
1.100384063273124546e+01
1.101460882584347090e+01
1.101111674395215623e+01
1.100900792801845007e+01
1.101349743576257012e+01
1.099406242480487883e+01
1.099666884474371287e+01
1.099694240553482061e+01
1.100152111717429548e+01
1.100434998465981806e+01
1.099436997770945013e+01
1.097935020443005705e+01
1.099744639618149655e+01
