1.052793533153532746e+00
1.030089693682163299e+00
9.827502036928865703e-01
9.440919475004360129e-01
9.906141001992271322e-01
9.707396383664925743e-01
9.554116518032624850e-01
9.355002177485657322e-01
1.023981694376132845e+00
9.089659520937229953e-01
1.029630430955875475e+00
9.580152376361603661e-01
9.436682580525360686e-01
9.462718575051356495e-01
1.017822993759721184e+00
9.724343522900809056e-01
9.919794565445728685e-01
1.005772058810808334e+00
1.043311959746048290e+00
1.024155919037937457e+00
9.755271368099284190e-01
9.552236311270697611e-01
9.362065110837543003e-01
9.792076723141341921e-01
9.745268439523578907e-01
9.955935318626056851e-01
1.019075775492463309e+00
1.020474393478863595e+00
9.771032132063470765e-01
9.877730946552275570e-01
9.635604972339583130e-01
1.032055387616273245e+00
9.367281607696269496e-01
1.020631346376756454e+00
1.030711785013959769e+00
1.030538683981260251e+00
9.741949348526688368e-01
9.871291647721186502e-01
1.008854985976785468e+00
9.758279758398377135e-01
9.868161786861475715e-01
9.659123938299940537e-01
9.959681280190133545e-01
9.320199124467306584e-01
1.033635694970927998e+00
9.429661730847351819e-01
1.001889210806356623e+00
9.798034945857887479e-01
1.007824467978867267e+00
1.069765912577327560e+00
1.014935529583891549e+00
9.277104012475463346e-01
9.929860128805627628e-01
1.001004446562170358e+00
1.003632327180666861e+00
1.018863851406343057e+00
9.764000922371525171e-01
9.547282476188828637e-01
9.891059187807813569e-01
1.068416730915296098e+00
9.644592506633044016e-01
1.052183647557500157e+00
1.004401073047755277e+00
9.956712838535878296e-01
1.047410145381774349e+00
9.958419443437457330e-01
1.023810697000492098e+00
9.897651701215712805e-01
1.052197842573030506e+00
1.019836850752244617e+00
1.020932552441498498e+00
9.821513365557881237e-01
1.027839113160311291e+00
1.013917991741922320e+00
9.717505059985828142e-01
9.603101687665699382e-01
1.033152037973090964e+00
1.069643830520719430e+00
9.957950520455878252e-01
1.009203093769686976e+00
1.042805740876028731e+00
9.957027521511281343e-01
1.066532270381632674e+00
1.007641425331037066e+00
1.036731699551732166e+00
1.053346735049476735e+00
1.035937499191772915e+00
9.601253080829681430e-01
1.013157489801926436e+00
9.897039230121078557e-01
9.387043481604364636e-01
9.923364575730881931e-01
9.741036932369671053e-01
1.041292701921630481e+00
9.266279403932204950e-01
1.069560046993296876e+00
9.851653791600821775e-01
9.853089936001131477e-01
9.145489999984240947e-01
9.641758663434331078e-01
