4.433116384878954541e+00
4.991081787297384054e+00
4.116976268079038270e+00
4.492411211976303775e+00
5.236478703395180290e+00
4.716117525670171950e+00
4.917389669857607615e+00
4.564086504457897320e+00
5.531739809086151816e+00
4.612052443035617344e+00
3.654982941865253743e+00
4.075575751055950491e+00
4.379494930229309801e+00
4.628327148981528083e+00
4.872610387955234046e+00
4.390193298280198775e+00
4.776777529324346183e+00
4.902984265952658127e+00
4.262312980040244170e+00
5.519452449292175267e+00
4.692196620384318173e+00
5.089995394448404653e+00
4.570338812227567438e+00
4.824147795079350765e+00
4.870319893856327020e+00
5.165022809050080710e+00
3.982532763200743897e+00
4.573309249331551030e+00
4.409748071201152975e+00
5.213323000552827047e+00
3.873477579903198631e+00
5.555035605210555616e+00
5.076272302053189023e+00
3.776063484134349224e+00
4.488677075563601626e+00
4.787803388294975093e+00
4.818828556657266837e+00
5.159735424461324271e+00
4.920570339086348888e+00
4.253392556935360780e+00
4.498038289960656577e+00
4.764771751854247839e+00
3.956315406120114009e+00
4.068358233042104644e+00
4.476231283119696869e+00
4.235273757501167857e+00
5.045944946776446116e+00
4.608989574842447645e+00
4.305536666953968528e+00
5.015720621288777714e+00
4.929588289515256960e+00
5.969616990969172754e+00
5.012477285816004269e+00
4.391952097512429987e+00
3.930853029930972298e+00
4.998547722693621687e+00
3.721595491896019681e+00
4.307705816805522225e+00
5.201655635841252234e+00
5.379825339503669035e+00
4.679984167834338571e+00
4.746011300689763068e+00
3.638556543608309823e+00
4.518152403008103057e+00
4.558876328706878311e+00
4.293905904674220508e+00
3.756838431189020611e+00
4.128775383313316283e+00
4.318073560761045648e+00
4.418351104466601953e+00
4.614964752417905380e+00
4.794980376077083051e+00
4.262834400355899334e+00
4.278598006913020058e+00
3.469920198665845668e+00
3.629688605062037610e+00
4.174962199401050178e+00
4.822050451652233782e+00
4.663695389880903264e+00
4.869076106077588229e+00
4.867646453069947476e+00
5.032512005015830070e+00
4.791895103254246280e+00
5.516868289408520809e+00
5.137443047537394669e+00
4.609554161453548460e+00
4.611404181413545800e+00
3.589260515370667814e+00
5.986614522903007440e+00
3.940513894842140985e+00
4.822208081153752879e+00
4.959620424041691678e+00
4.338112945082242433e+00
4.073540396243183537e+00
3.855674972940609901e+00
4.835054750766433429e+00
4.440520007794404478e+00
4.782139344851272789e+00
5.187414117594210339e+00
3.974400793927491016e+00
