4.558979669090843956e+00
4.228575403354615680e+00
5.427517538127601071e+00
4.124283909634703704e+00
3.424501771540869210e+00
4.274305828939382934e+00
4.503145083438102603e+00
3.547291428129231150e+00
4.574531830413866906e+00
5.073436092356162774e+00
4.769030011084127274e+00
4.656643020738298944e+00
5.352816319238794307e+00
5.365529246728819146e+00
4.965873722594364992e+00
4.636719156347678172e+00
4.484662744578873372e+00
3.391566829829414598e+00
4.634794679553213115e+00
5.646709886923609645e+00
4.954076019133035302e+00
4.294593246191948488e+00
3.986153275224443071e+00
4.892986955928734005e+00
4.827766723821419248e+00
5.419529814642148224e+00
5.074791969804165248e+00
4.569990660054004117e+00
3.862866057463641756e+00
4.479315243302147920e+00
4.257298220334160277e+00
4.515554234314439697e+00
4.240243571367177111e+00
5.044273141466493193e+00
5.006200906313774013e+00
4.259791082056221256e+00
4.626131809183211985e+00
4.412043132897110809e+00
5.167594515593087579e+00
4.056168266412979229e+00
4.758939140502777221e+00
5.443169287040937832e+00
4.033239505957642024e+00
4.082691029050400822e+00
4.753216065801100676e+00
4.884669449260194085e+00
4.488153888609535791e+00
4.639250974115536330e+00
4.101425772337338849e+00
4.470673475970915689e+00
3.892208432344809843e+00
4.268136849051947124e+00
4.215649751193093486e+00
4.430373811134194817e+00
5.238366401330926792e+00
4.044727654807501516e+00
4.375122287581070246e+00
4.646968815783218965e+00
5.306174932896707830e+00
3.944183971076716588e+00
5.195464816248207995e+00
3.800990858976013964e+00
4.475853538322936309e+00
4.442963379587618000e+00
4.096099767798968116e+00
4.303906017764900227e+00
4.442427717292238398e+00
5.052018515772076057e+00
5.348037416052774162e+00
4.523728724595749817e+00
5.063431487768376371e+00
4.637278355187755885e+00
4.306107187266070113e+00
4.068728167189824774e+00
4.390255754120885534e+00
4.528621619948455468e+00
3.649350289132398117e+00
3.972780890152892486e+00
4.626912245376161970e+00
4.122295145384981652e+00
4.991764400207712171e+00
4.275813829267942623e+00
3.872761133869762062e+00
3.809145674596428499e+00
5.265531225242723323e+00
3.907529306839516714e+00
3.961879545506620914e+00
5.046187981113656740e+00
4.169471890330354924e+00
4.714380489627514770e+00
4.951478585695202383e+00
4.635989140225302840e+00
5.361128666519813457e+00
4.775062091072646453e+00
3.893987772779754941e+00
4.573469640343777343e+00
4.788731336022401308e+00
4.924316517204259114e+00
3.531079691050958758e+00
4.789757173025261494e+00
