4.249986395654415716e+00
5.286690633559810060e+00
5.108676524007204733e+00
5.040858110334035302e+00
4.696715973335638949e+00
4.299607436109705638e+00
4.561377275388201369e+00
4.948658377328085223e+00
3.855244849420100373e+00
4.922733419880625405e+00
3.631421840385401723e+00
4.950904876875224403e+00
4.934476908541825857e+00
3.682417868779527925e+00
4.662171362174111877e+00
4.503074492090557435e+00
4.022560614351112562e+00
3.978294385783174292e+00
4.874811538683643697e+00
4.585251546367472564e+00
5.560025585492149425e+00
5.551278880967617013e+00
5.720261486968180265e+00
3.909031925011033692e+00
5.270149010272705326e+00
4.154160723140311262e+00
4.447530693599643037e+00
4.848992249340390970e+00
4.085621446594171147e+00
4.583495717046154994e+00
4.053291121078998138e+00
3.872490982976262153e+00
3.903816309885963065e+00
4.317611630292010005e+00
3.199766065489018985e+00
4.405254394169634047e+00
4.711972592586349151e+00
4.375510076254933267e+00
3.816442402215573182e+00
3.733706657100431592e+00
4.205777041771310287e+00
4.021557577279119222e+00
5.406570575737925211e+00
3.984414300057743663e+00
4.930647920990412381e+00
4.608772195301161112e+00
4.587279504506137862e+00
4.515143246816289313e+00
5.453680531863930980e+00
4.325899708638969443e+00
4.899605134841034548e+00
4.569524274516461482e+00
4.367667365701422000e+00
5.350166960579865183e+00
4.624495294393463851e+00
3.909790846490664329e+00
4.395903581942034677e+00
4.888773136905278704e+00
4.753249812035896582e+00
5.190434341938109597e+00
4.177366958523974105e+00
4.850252032611577668e+00
4.449625942110682075e+00
4.592785940599336314e+00
5.347945200157396606e+00
5.519613587084597484e+00
5.043747539549184644e+00
4.319563357643700030e+00
5.107195659833766221e+00
4.677371826466056426e+00
4.411808819273055349e+00
3.598809126580054585e+00
4.869634432298619586e+00
4.502638966340832383e+00
4.896632880238619201e+00
4.834140373007561386e+00
4.909430902440935718e+00
4.238735684630625222e+00
4.922238597257017290e+00
4.561373564126596669e+00
4.466544402629404331e+00
4.727056030793105990e+00
3.486768525614646563e+00
3.865769867235941515e+00
4.226482531722220770e+00
5.559918581418137329e+00
3.959268890283629272e+00
4.280866401120189124e+00
3.682636117539577203e+00
4.281793949377949104e+00
4.266606706384017400e+00
5.307326968253932797e+00
5.007934444113734784e+00
4.350885532105047915e+00
3.518034594073787158e+00
4.979123946627662889e+00
4.706963448028718133e+00
3.986827472699966179e+00
5.829067138695954498e+00
3.859888721420439595e+00
