5.056427258545993730e+00
4.229517950546234140e+00
4.418619700939046879e+00
4.912750736781496208e+00
4.730371299795476325e+00
5.268545041534296480e+00
4.654238532696505004e+00
3.852934713764678776e+00
5.098534997953902526e+00
4.868034300617663845e+00
4.779428660838805243e+00
3.695158538064003295e+00
4.368431826103241100e+00
4.017826155213352735e+00
4.961322551299153893e+00
4.762960746861698347e+00
5.095256523158689710e+00
5.416341300761271071e+00
4.877286881100415528e+00
5.763047427021195546e+00
4.645886475532841509e+00
3.607493498526520792e+00
3.404853749167952692e+00
4.296635984520891682e+00
4.964338443993248973e+00
5.054151955087682779e+00
5.380096930992692705e+00
3.743427708431929624e+00
3.650030026561515317e+00
5.180627992607376164e+00
4.245029928106537120e+00
4.572934250091066133e+00
5.553542374883360111e+00
4.373906851632489712e+00
4.714270559562056206e+00
4.374464442251890794e+00
4.866457174320174772e+00
4.534763244272921767e+00
4.142853707172985622e+00
4.195566200724734074e+00
4.175329836373341763e+00
4.540551937849175879e+00
4.766797355739295305e+00
5.318955646323280995e+00
4.753734879526754220e+00
4.888114054474037573e+00
4.020791207837277170e+00
4.339443823972158221e+00
4.391084275233328782e+00
4.742807936665581536e+00
4.231873676720403488e+00
4.242522054157383593e+00
4.315265589713974670e+00
4.939505015585737624e+00
4.597866074444530327e+00
3.781212290684405453e+00
3.791515856117241512e+00
4.335776617247316445e+00
4.863833138291986380e+00
4.746060967182589074e+00
4.773749985277389030e+00
4.864844858637181524e+00
4.219138987559976073e+00
4.560628526228533097e+00
4.554441860035531420e+00
4.821106419674518584e+00
5.357735625788552447e+00
4.205588406353525599e+00
4.908930418846251698e+00
4.706191376186073860e+00
4.601251023508615923e+00
4.877507117312174678e+00
5.294777677618529133e+00
3.604778851381206906e+00
3.976175339675622311e+00
4.847204670821999350e+00
3.809993603299013820e+00
4.520213566752762091e+00
4.113668249943637001e+00
4.200063897533011570e+00
4.764850658916454762e+00
3.561016013560633908e+00
5.071111733157964707e+00
4.430188527494896888e+00
4.502999567080632204e+00
4.550277278144485571e+00
4.686659248832317992e+00
4.300377828891136289e+00
3.862366821201946188e+00
4.263881668597389485e+00
4.019233494932997530e+00
4.570586268480962389e+00
4.263390723011767136e+00
5.364342062725434346e+00
5.410748165029845680e+00
4.652905706068692915e+00
4.649457131113758912e+00
5.590098439501544725e+00
5.106102788061011033e+00
4.861353347329496977e+00
