1.099505228822613923e+01
1.099676173943174717e+01
1.100062632542024765e+01
1.100676363391579038e+01
1.099569751563781850e+01
1.101433613927601840e+01
1.101090795433387193e+01
1.098342312667468690e+01
1.099336928946436842e+01
1.099864568885987559e+01
1.098744385516125632e+01
1.099610561745405946e+01
1.100643646100559536e+01
1.100469137945443165e+01
1.100311749187985910e+01
1.100554929044634633e+01
1.099175837750830631e+01
1.099592166925533299e+01
1.100457217062631976e+01
1.101171169943866346e+01
1.100109704297166147e+01
1.099425159690012066e+01
1.098122652748574168e+01
1.100554368992906262e+01
1.097585763115137780e+01
1.099675233948122965e+01
1.100076620348376011e+01
1.101419418381849979e+01
1.098656125861308830e+01
1.099762004576733432e+01
1.098028147082641226e+01
1.099594652327104782e+01
1.100311345629690862e+01
1.099414387425729345e+01
1.099192710825222186e+01
1.098803256295561148e+01
1.100194582873224114e+01
1.100510844440141689e+01
1.100445323871865710e+01
1.101633909005401613e+01
1.097218235634144001e+01
1.100377762959607075e+01
1.100254362491253346e+01
1.100224303979299734e+01
1.101783780371264676e+01
1.097876874619706555e+01
1.100514310189841183e+01
1.100891534110310488e+01
1.100024585472884908e+01
1.099571008951678053e+01
1.100809339879186233e+01
1.098702577489220111e+01
1.099854189865778409e+01
1.100050034054338788e+01
1.100507096403866925e+01
1.098664679475922590e+01
1.099253754294677066e+01
1.099773230685207714e+01
1.100314145341285332e+01
1.101210522564763927e+01
1.100302399332515790e+01
1.098889823417984779e+01
1.102065880818877552e+01
1.101134873008796689e+01
1.100006819989683926e+01
1.101421043766002406e+01
1.100103912972235420e+01
1.101427666530024396e+01
1.100953759759720008e+01
1.101856185098090890e+01
1.101403612138776822e+01
1.098201309388451996e+01
1.099064525867838604e+01
1.099718424924668980e+01
1.101665994020505579e+01
1.099475682660888687e+01
1.099007462278258096e+01
1.101207107705355170e+01
1.099865223809100279e+01
1.101327786005836984e+01
1.099006488877013687e+01
1.100415514944948470e+01
1.099849699458336438e+01
1.098570893195488019e+01
1.100514255011869480e+01
1.099317301710926920e+01
1.098244834745252341e+01
1.098444758636572338e+01
1.098454217372989739e+01
1.101326923212092979e+01
1.100642987571671760e+01
1.101270587923188060e+01
1.100447054960684135e+01
1.100072605384352009e+01
1.099488345347579532e+01
1.102872258275238515e+01
1.099647386369968238e+01
1.099926361327466928e+01
1.099689907150669121e+01
1.102044074971055032e+01
