1.099064084645222472e+01
1.099554524279211876e+01
1.100468674008600622e+01
1.098471607987001164e+01
1.100272157066743794e+01
1.099943938740418226e+01
1.099429000458324701e+01
1.099288584120825263e+01
1.100036386079973383e+01
1.099662652771760385e+01
1.099890794858690057e+01
1.099580642341246772e+01
1.101888099359762485e+01
1.098889721102241701e+01
1.098700020240273290e+01
1.099596776016408128e+01
1.100230187340905630e+01
1.100410216611567549e+01
1.099739545871069168e+01
1.103185706087058904e+01
1.099619785224833457e+01
1.100587025375939909e+01
1.100352004869018074e+01
1.100889206195992465e+01
1.101981380016292533e+01
1.101225431493161011e+01
1.100721054390277587e+01
1.100519369574305450e+01
1.099575219013365235e+01
1.098953588653628621e+01
1.098466984379147071e+01
1.099299801596338000e+01
1.099829431365334820e+01
1.100055164447288369e+01
1.100749040339866802e+01
1.101736258407815683e+01
1.098811511380326245e+01
1.098757381041648351e+01
1.100226759761948792e+01
1.100660077881208743e+01
1.101028532865459297e+01
1.101520697208488109e+01
1.102130291977437082e+01
1.099746139568244452e+01
1.099695399405338847e+01
1.098954121979513054e+01
1.100481542301454141e+01
1.100403641881506545e+01
1.101089633072990281e+01
1.098702665124549860e+01
1.099994427505457928e+01
1.100204662090690455e+01
1.099298697221437848e+01
1.099041976308736146e+01
1.101078438020832984e+01
1.098432808105430603e+01
1.099926290837289855e+01
1.098803926819674892e+01
1.099892153583655485e+01
1.102052971441785623e+01
1.099807579335497465e+01
1.101067491023466260e+01
1.098811486408651383e+01
1.099390969395675555e+01
1.099756457907454887e+01
1.099746166614474774e+01
1.100443736583478938e+01
1.099600379771125880e+01
1.100564423038868256e+01
1.100356286255310323e+01
1.099744481025693510e+01
1.099828105226166208e+01
1.100291139540176744e+01
1.098524523122570251e+01
1.100924575958776686e+01
1.100394573494713413e+01
1.100601788289518268e+01
1.100092684768574891e+01
1.098776005286971902e+01
1.099759665854878499e+01
1.099760537750697331e+01
1.099535215767153318e+01
1.098118475824391460e+01
1.100634903253817143e+01
1.098772324790341948e+01
1.100269709522696182e+01
1.100533677025387469e+01
1.100344557110577703e+01
1.101740817941419692e+01
1.098737019840756801e+01
1.101113099538711104e+01
1.098107169917862258e+01
1.100087635620337956e+01
1.099757621943463981e+01
1.100060657123557561e+01
1.099655140174026080e+01
1.099124190914209009e+01
1.097927789288358369e+01
1.100045510541858995e+01
1.101005936172209765e+01
