1.100234960413707164e+01
1.097676035397984506e+01
1.099939368130121231e+01
1.100549796123039137e+01
1.098293692616189787e+01
1.101172598044557915e+01
1.100050357922586741e+01
1.098128834150410427e+01
1.099242628329968596e+01
1.101681588783306154e+01
1.100207831502892475e+01
1.098759918188084406e+01
1.099439427502463396e+01
1.099891258155759211e+01
1.097965489375978976e+01
1.099776608767299280e+01
1.099973573642031255e+01
1.099305479342487146e+01
1.100224045371109582e+01
1.100684721370753927e+01
1.099280232970660798e+01
1.100306793968530705e+01
1.100357449247922936e+01
1.101630862207442973e+01
1.100766384310641044e+01
1.101029362294475433e+01
1.099975983963190806e+01
1.099104831786670822e+01
1.102636791969058905e+01
1.098870558233353378e+01
1.099928392961705903e+01
1.098509855320591200e+01
1.101587947172463977e+01
1.101810940139438344e+01
1.100581027564647485e+01
1.099614660212815664e+01
1.099339237760431764e+01
1.099372919775213298e+01
1.098860723989327859e+01
1.100064738644041995e+01
1.098927809666761135e+01
1.099523139320390364e+01
1.100323142865649650e+01
1.100605400707867076e+01
1.098027437326852329e+01
1.099823921114590419e+01
1.100391062808720299e+01
1.101050457006969197e+01
1.099938108911730161e+01
1.101869248449041905e+01
1.099373924002814995e+01
1.097788733868732969e+01
1.099959263207058768e+01
1.099344626936683333e+01
1.100929626202458422e+01
1.099270253814584564e+01
1.099505932396722052e+01
1.100810687527120280e+01
1.100568473498276489e+01
1.100146030226770577e+01
1.100538685506313996e+01
1.099794618057220141e+01
1.097445043116837127e+01
1.097721725987979191e+01
1.100028132560460392e+01
1.098616729563915584e+01
1.098365485958542287e+01
1.101818637703047798e+01
1.101075849163492038e+01
1.098972222397894960e+01
1.096790235404648861e+01
1.101568929319525481e+01
1.099412176243676953e+01
1.099106884280542928e+01
1.100500129657861237e+01
1.098767620828510516e+01
1.099370923838274194e+01
1.101961586548824812e+01
1.100357023182145078e+01
1.100051854766275561e+01
1.099741261781995938e+01
1.100753752101550909e+01
1.098923972489547296e+01
1.101843031606444612e+01
1.101085378651173841e+01
1.100299332925254703e+01
1.098282086427419557e+01
1.100526863041012327e+01
1.101361260698725530e+01
1.100061644592152810e+01
1.099626060924249416e+01
1.098826398524560410e+01
1.100689994268437921e+01
1.101200471441306838e+01
1.098719881570876566e+01
1.100703039890130164e+01
1.097881360827054209e+01
1.101839170148694613e+01
1.100292526686682848e+01
1.100131826049274508e+01
