1.100880990855018737e+01
1.099609793540504477e+01
1.099198616374279247e+01
1.098440027483206904e+01
1.101155352013474520e+01
1.101395360695111236e+01
1.098825613785221655e+01
1.099572407027191190e+01
1.099066853123894205e+01
1.098804257184676736e+01
1.101280792628307026e+01
1.098418459552399717e+01
1.102063884453989573e+01
1.098697957101748912e+01
1.101096045869169870e+01
1.100167485842773196e+01
1.099662625991664555e+01
1.099593921269569208e+01
1.100697848869100781e+01
1.099517071619913544e+01
1.100405156923144290e+01
1.100043443712588598e+01
1.099962305536459617e+01
1.101288201992177385e+01
1.100137406007539909e+01
1.100941835642439237e+01
1.100599479867011787e+01
1.098232320458822464e+01
1.100749128274034838e+01
1.099217193074673027e+01
1.101299709053260045e+01
1.098282283735387033e+01
1.099568553945223215e+01
1.098716925265565436e+01
1.099938772757649730e+01
1.100915450593735834e+01
1.099470378982719510e+01
1.098967568014889196e+01
1.099560824079573074e+01
1.100892285888278899e+01
1.098921404112902778e+01
1.099252438837761225e+01
1.098515604126985323e+01
1.100540895065861591e+01
1.099734295097047543e+01
1.099506529181868331e+01
1.100578765786968560e+01
1.099576533704874670e+01
1.100606086291396934e+01
1.100897220610530347e+01
1.099219889245739346e+01
1.101940140589609562e+01
1.099015186922647480e+01
1.099449070221879232e+01
1.099083854491801659e+01
1.099602516989764567e+01
1.099949999231156816e+01
1.100055615317243074e+01
1.101052025358341169e+01
1.101223597290175427e+01
1.099228157508438564e+01
1.100313090461575705e+01
1.098781389638836359e+01
1.099896970704676846e+01
1.099538816663814522e+01
1.099522493496505327e+01
1.099956331292769995e+01
1.100612291777383156e+01
1.098518094034705150e+01
1.101170864305803043e+01
1.100627437564375555e+01
1.099071211639625467e+01
1.101547767923895726e+01
1.100015823059455755e+01
1.103551636219031273e+01
1.099148549138556241e+01
1.100087613838137734e+01
1.099447339761652387e+01
1.099487565734497529e+01
1.100230286386542033e+01
1.101416730055256465e+01
1.100860574765957267e+01
1.100594590543104445e+01
1.100148874787938169e+01
1.101420703437899107e+01
1.099980851715955943e+01
1.101144694710545480e+01
1.100970019620562290e+01
1.099206816112502239e+01
1.100742888689331345e+01
1.097748317034303334e+01
1.099540199013544317e+01
1.099259727871778836e+01
1.100017203734381432e+01
1.100633673876892615e+01
1.098705094221601541e+01
1.100037413139592246e+01
1.101541578898384621e+01
1.099256688485534283e+01
1.100459719303814943e+01
