1.098249230392593923e+01
1.100357670666092247e+01
1.099768087295408137e+01
1.099687700796315859e+01
1.100875558568965396e+01
1.100550569123846856e+01
1.101688410953827457e+01
1.099619901744901540e+01
1.101267673783702428e+01
1.100738738788433935e+01
1.099634648852722663e+01
1.100309857757949139e+01
1.099442432735565056e+01
1.101147439156488339e+01
1.098786279921532660e+01
1.099201996954167626e+01
1.099096134234662792e+01
1.099754477649914897e+01
1.100659563350215819e+01
1.100067498191276627e+01
1.099969104209575121e+01
1.096734297702399630e+01
1.099811906620300128e+01
1.098474392124740362e+01
1.099187502994673160e+01
1.101493860356314336e+01
1.099212170441135328e+01
1.101072880530158749e+01
1.100852001504758704e+01
1.099002027046425845e+01
1.100268160100846160e+01
1.098803044099244097e+01
1.100606438388648733e+01
1.100351683754509935e+01
1.100885062586681507e+01
1.099948301708715626e+01
1.101371324491051418e+01
1.098348800737040420e+01
1.099455034331671399e+01
1.100568206431177387e+01
1.099793267050814016e+01
1.099057433552487062e+01
1.098758501063655402e+01
1.100905271111082051e+01
1.099932628499498755e+01
1.101186480352156138e+01
1.100622791216052931e+01
1.099771750666973702e+01
1.099677431467625688e+01
1.100039209566301146e+01
1.101221544061201207e+01
1.100634977881830956e+01
1.097434607953149666e+01
1.100507670703521512e+01
1.101401765827110424e+01
1.100554716657064880e+01
1.099073163754866300e+01
1.099958674312449602e+01
1.098921099387649392e+01
1.099638854333475280e+01
1.101531014066805092e+01
1.101427661249378076e+01
1.099425565340264654e+01
1.099586529714087213e+01
1.100253898124527652e+01
1.101789058408413169e+01
1.098954090175803877e+01
1.099347119447540955e+01
1.101143366764790699e+01
1.099979675439538163e+01
1.101275654114874492e+01
1.099105465155380301e+01
1.100081979739117877e+01
1.099549762591372648e+01
1.099522610963621005e+01
1.099866444314361758e+01
1.099831455448869377e+01
1.099634440444713412e+01
1.101372015992370912e+01
1.100618096651973410e+01
1.100605410889518510e+01
1.099446362416182943e+01
1.100196037069820854e+01
1.100769424863100987e+01
1.100825973255976997e+01
1.099599870207027230e+01
1.100741724146414846e+01
1.100630737452333285e+01
1.098926424473273755e+01
1.101107427682428686e+01
1.099852380342160529e+01
1.099965929456566904e+01
1.099870217309168652e+01
1.100170892877711992e+01
1.100308553095441333e+01
1.099995436832233153e+01
1.101111337942071877e+01
1.100325859726425115e+01
1.099750347246532911e+01
1.099789635905186103e+01
