4.338326135713979959e+00
4.118721499009906140e+00
3.799248995056138334e+00
3.814895782895317389e+00
4.116257234479699711e+00
3.859264275157572754e+00
4.186057590610136714e+00
3.747451079930047335e+00
3.745325726257522803e+00
5.031868739767135779e+00
4.007109428805550877e+00
4.575082024892871857e+00
4.875137653736602239e+00
4.445258327221598194e+00
3.988954418946883074e+00
4.078467671890125601e+00
4.415609187803987368e+00
4.535415774979161263e+00
4.306583999140405794e+00
4.888599985332625408e+00
4.838854118866774634e+00
5.227667782535331042e+00
3.551792152272545966e+00
5.128688135366555656e+00
4.363684953416757217e+00
5.083444734562099221e+00
4.749038019968931046e+00
5.618376515804909488e+00
4.851998134942024699e+00
4.326831358124601401e+00
4.501332491121456947e+00
4.342510968803134475e+00
4.327319951697197631e+00
4.179720310713085141e+00
4.494949428336100894e+00
4.736284915946261442e+00
4.204619479873148435e+00
4.530574605432248880e+00
3.905907571512222898e+00
4.002453025874332937e+00
3.661679513194599167e+00
5.445826930815687916e+00
3.167977056535251634e+00
4.039604865196016803e+00
4.643399326904925850e+00
3.802041013516299639e+00
5.092260366849902020e+00
4.790856744346167595e+00
5.415099935383411278e+00
4.509570323641823641e+00
4.238380084429465455e+00
4.562199822503210100e+00
5.240958153657643059e+00
4.526032359162950769e+00
4.189358976351853947e+00
5.081040675733322409e+00
4.336612121642986928e+00
3.003731980942885293e+00
4.159103653234500264e+00
4.263677882897185079e+00
5.037421457120558443e+00
4.447897290805891579e+00
4.430325629379008312e+00
4.288437821838057218e+00
5.089191748442553731e+00
5.299216947803890854e+00
5.701971052969760478e+00
4.342974651129647867e+00
5.413482244766766982e+00
4.906480114599093056e+00
4.727838888527463368e+00
4.154669782648855225e+00
4.107892974606732750e+00
4.015049306892712444e+00
5.211930385693170464e+00
4.229242981242955501e+00
4.441076249184859215e+00
4.492426978380969160e+00
4.883016380548027335e+00
5.006008341375816961e+00
3.957752522106723347e+00
4.407869508223246413e+00
5.003130303852929117e+00
4.953947794351452494e+00
3.866041394178775015e+00
3.995283165153659333e+00
4.243818787357070299e+00
3.781500254483921353e+00
4.405010767521104320e+00
3.880351339258999666e+00
4.585919049293520011e+00
4.157317702377027580e+00
4.622062591481927107e+00
3.906276418057569977e+00
5.487658156355435857e+00
5.247570605918101094e+00
4.362680680101834518e+00
4.150344095187984195e+00
4.163381421486225697e+00
4.479180868618594324e+00
