1.101319838328838330e+01
1.100752242342054110e+01
1.099568755092322192e+01
1.098602298687510981e+01
1.099765352504980598e+01
1.099268490959162392e+01
1.098885291295081501e+01
1.098387505443714218e+01
1.100599542359403316e+01
1.097724148802343080e+01
1.100740760773896909e+01
1.098950380940904026e+01
1.098591706451313321e+01
1.098656796437628458e+01
1.100445574843993057e+01
1.099310858807251989e+01
1.099799486413614247e+01
1.100144301470270136e+01
1.101082798993651224e+01
1.100603897975948442e+01
1.099388178420248252e+01
1.098880590778176725e+01
1.098405162777093835e+01
1.099480191807853302e+01
1.099363171098809033e+01
1.099889838296565081e+01
1.100476894387311511e+01
1.100511859836971595e+01
1.099427580330158705e+01
1.099694327366380620e+01
1.099089012430848911e+01
1.100801384690406870e+01
1.098418204019240640e+01
1.100515783659419000e+01
1.100767794625349083e+01
1.100763467099531567e+01
1.099354873371316721e+01
1.099678229119303019e+01
1.100221374649419559e+01
1.099395699395995862e+01
1.099670404467153695e+01
1.099147809845749890e+01
1.099899203200475384e+01
1.098300497811168341e+01
1.100840892374273139e+01
1.098574154327118357e+01
1.100047230270158849e+01
1.099495087364644696e+01
1.100195611699471598e+01
1.101744147814433106e+01
1.100373388239597361e+01
1.098192760031188620e+01
1.099824650322014108e+01
1.100025111164054259e+01
1.100090808179516699e+01
1.100471596285158604e+01
1.099410002305928735e+01
1.098868206190472030e+01
1.099727647969519495e+01
1.101710418272882386e+01
1.099111481266582580e+01
1.101304591188937465e+01
1.100110026826193810e+01
1.099891782096339732e+01
1.101185253634544381e+01
1.099896048608593624e+01
1.100595267425012302e+01
1.099744129253039304e+01
1.101304946064325740e+01
1.100495921268806043e+01
1.100523313811037518e+01
1.099553783413894692e+01
1.100695977829007788e+01
1.100347949793547997e+01
1.099293762649964634e+01
1.099007754219164212e+01
1.100828800949327224e+01
1.101741095763017952e+01
1.099894876301139668e+01
1.100230077344242119e+01
1.101070143521900668e+01
1.099892568803778126e+01
1.101663306759540717e+01
1.100191035633275938e+01
1.100918292488793249e+01
1.101333668376236830e+01
1.100898437479794367e+01
1.099003132702074126e+01
1.100328937245048166e+01
1.099742598075302702e+01
1.098467608704010878e+01
1.099808411439327216e+01
1.099352592330924239e+01
1.101032317548040851e+01
1.098165698509830435e+01
1.101739001174832389e+01
1.099629134479001991e+01
1.099632724840002851e+01
1.097863724999960588e+01
1.099104396658585792e+01
