1.052343695167137438e+00
1.025413928020079579e+00
1.028364386677832476e+00
1.012737359108457857e+00
1.033909047691913941e+00
1.015525570786274256e+00
1.031961095296590969e+00
1.008548052860344102e+00
1.008026553312173279e+00
1.021896454309112912e+00
1.022467273532720933e+00
1.013665985592713259e+00
1.006609429657953525e+00
1.001961203357649488e+00
1.001261730365073488e+00
1.013848509630065786e+00
1.024549217713109694e+00
1.043599611047079989e+00
1.025339805448914898e+00
1.066108393089294726e+00
1.001761461383429586e+00
1.009110693238085110e+00
1.017464112239901963e+00
1.031975694759426521e+00
1.057642637452856249e+00
1.018109180701737726e+00
1.013659594658648411e+00
1.003097378835565934e+00
1.053517860398613282e+00
1.019757032238421068e+00
1.031568153903887008e+00
1.093742953776872362e+00
1.000079724146567317e+00
1.007312632301509581e+00
1.048744379455554432e+00
1.051600514201795233e+00
1.047724053138663569e+00
1.029261500749850899e+00
1.090422905841667012e+00
1.020695535892891748e+00
1.033687613096039293e+00
1.003171594028703151e+00
1.021481073183506449e+00
1.043262181448595394e+00
1.012119168400214431e+00
1.075611190795720429e+00
1.040185551975099987e+00
1.014702417875363194e+00
1.047698778520752771e+00
1.004165523983512998e+00
1.087971621767016117e+00
1.002465686443276827e+00
1.072719969481558566e+00
1.012860144443370025e+00
1.046579958569659352e+00
1.000003684766613166e+00
1.012933148719211918e+00
1.045731252414106471e+00
1.028957694050020910e+00
1.005767206883485976e+00
1.020549646205503702e+00
1.019524816599078898e+00
1.031337402164373529e+00
1.038657418242708630e+00
1.056009818282808155e+00
1.026721414092700568e+00
1.020457961708465477e+00
1.007237727316484976e+00
1.051565545537816115e+00
1.042451827128534347e+00
1.021412953355709918e+00
1.028061518525676510e+00
1.038435159779437011e+00
1.008298977634218607e+00
1.001360076075610284e+00
1.016315651139586329e+00
1.033236508720248192e+00
1.026060999902684179e+00
1.040666405981607756e+00
1.053321049982904656e+00
1.026174627922625593e+00
1.006744803978296243e+00
1.057346510667866779e+00
1.031803539610840037e+00
1.044861400235824300e+00
1.041695004770036626e+00
1.084613025427770827e+00
1.015116804162913722e+00
1.041750316215596994e+00
1.018970601592730230e+00
1.020651317730710606e+00
1.011693534937397221e+00
1.017766860780958238e+00
1.076989100656051024e+00
1.014969961985951352e+00
1.012499318011312432e+00
1.032365478098020262e+00
1.013133278085108335e+00
1.025249067211405851e+00
1.055136515168294098e+00
1.011683395583398148e+00
1.022459774779751696e+00
1.034300735100581958e+00
1.029828297705390527e+00
1.087942909898612198e+00
1.039657941744070113e+00
1.044862221824297110e+00
1.084033772156031361e+00
1.021746085589560149e+00
1.018396465985460519e+00
1.002194099223078672e+00
1.009292618296894872e+00
1.012038099168867999e+00
1.009256674949339683e+00
1.046281810400785606e+00
1.029188640358368323e+00
1.038630049530042010e+00
1.053415088425376345e+00
1.011702891362926016e+00
1.016774239303083416e+00
1.042014440703106892e+00
1.020499982686837059e+00
1.001463792215010917e+00
1.022945148878299682e+00
1.066950137727699977e+00
1.021432811301171473e+00
1.017120166610029353e+00
1.099191106432000353e+00
1.036819027959661188e+00
1.018988601763319846e+00
1.005114595401624067e+00
1.049675552551911695e+00
1.041989682050349586e+00
1.069894798259500623e+00
1.011000274299186374e+00
1.005765802459981817e+00
1.043403552506126930e+00
1.010281320675424421e+00
1.008877034010590812e+00
1.016440897664571352e+00
1.052974808808161189e+00
1.029427556831326029e+00
1.002293646491786427e+00
1.024672540006023924e+00
1.039954030253171791e+00
1.029351054669109811e+00
1.031629630728644109e+00
1.011390321416969273e+00
1.056945782138820178e+00
1.030879830014651777e+00
1.042440906185295280e+00
1.092473517330007304e+00
1.022548054418017882e+00
1.061971589192536758e+00
1.000364035464956780e+00
1.001670757370299203e+00
1.032863358937172515e+00
1.015987241835697663e+00
1.012619384677337697e+00
1.014187964730303815e+00
1.016364522620700317e+00
1.043845343858756047e+00
1.031407698043184107e+00
1.049804079500578302e+00
1.054626517586076950e+00
1.056291670238207692e+00
1.021758033420869571e+00
1.022143337945262909e+00
1.070918517408006032e+00
1.038164789827801693e+00
1.004029942457368207e+00
1.029601526391735300e+00
1.018431342979184029e+00
1.097073683784960396e+00
1.000682765484025794e+00
1.034423019562228374e+00
1.043363090765754508e+00
1.014773658833724390e+00
1.087346468441465763e+00
1.058620088879872245e+00
1.068496813245255472e+00
1.000961642085642644e+00
1.031453732291114367e+00
1.015081526015770175e+00
1.057123931657223848e+00
1.035944514274554917e+00
1.029384346968886366e+00
1.005748819371217850e+00
1.029472545638897341e+00
1.035873782451984360e+00
1.079571869718445321e+00
1.032498345737873580e+00
1.084236855009786726e+00
1.081745235789498105e+00
1.037263087858271815e+00
1.027266153455067332e+00
1.024801298198707578e+00
1.063566221924896471e+00
1.001413049378354181e+00
1.005709420907395790e+00
1.005117226576570655e+00
1.046492530051571279e+00
1.017526639380357478e+00
1.036329417854674029e+00
1.033818892373831844e+00
1.020105811259297113e+00
1.028907792572816948e+00
1.036874277089356422e+00
1.074769423792868883e+00
1.031847709251345835e+00
1.034581611759268771e+00
1.003396679868788777e+00
1.078277446667767814e+00
1.028681964996100984e+00
1.051160817960582694e+00
1.002516071448730006e+00
1.022122171579518790e+00
1.013077332628584459e+00
1.013605930301809455e+00
1.050067579330596468e+00
1.035276983655671224e+00
1.023228044558661232e+00
1.000529272971448780e+00
1.083133986369024582e+00
1.081914280013411167e+00
1.011014636170637582e+00
1.002068124634831525e+00
1.028819033776940284e+00
1.078006148611074355e+00
1.067384773641117279e+00
1.032471358461038324e+00
1.015560296159711884e+00
1.016994882407108669e+00
1.064934744173124948e+00
1.026381935734907769e+00
1.006585070859807418e+00
1.012627209830339714e+00
1.014127259353888810e+00
1.006201748014513564e+00
1.024621140598945823e+00
1.068583203445491181e+00
1.038721708907212937e+00
1.003628464634373385e+00
1.000274727762617610e+00
1.014098142164613137e+00
1.018803849500679037e+00
1.048497244568008746e+00
1.084056307465111946e+00
1.020204536643814386e+00
1.040177822893575854e+00
1.106451709337443745e+00
1.045402745224370378e+00
1.036195270258432055e+00
1.003909742060326682e+00
1.016626476579919558e+00
1.068012148160851993e+00
1.010157844366836644e+00
1.056380028536364035e+00
1.040983637121533301e+00
1.019006866108729259e+00
1.028752633839229880e+00
1.029642272231912736e+00
1.042511880510371247e+00
1.027941657400366804e+00
1.006684410673098773e+00
1.048155455032394601e+00
1.021274319559238863e+00
1.082354978157961112e+00
1.014485373385254796e+00
1.013399661029269483e+00
1.017189147858210463e+00
1.031620527530011877e+00
1.064372829733836179e+00
1.008886145493258057e+00
1.014280829662687289e+00
1.032264444196357100e+00
1.024096934200308340e+00
1.023677956831261726e+00
1.053448288653347609e+00
1.070350941661367905e+00
1.025734280842961255e+00
1.040232654548510327e+00
1.051136503946677125e+00
1.028057304642538305e+00
1.015063607269972801e+00
1.036338183185283812e+00
1.032502385917450471e+00
1.065625783060050402e+00
1.002622082701678297e+00
1.067330190843074789e+00
1.029094048752375645e+00
1.000783812346225377e+00
1.017805054035173962e+00
1.043427073749023659e+00
1.026174047061865435e+00
1.091281455490329844e+00
1.022221276569527104e+00
1.016813078326183506e+00
1.053562981071906490e+00
1.029978895392054561e+00
1.039818155286854395e+00
1.051666633401808770e+00
1.038933533752728122e+00
1.022209459227351180e+00
1.006264996015942659e+00
1.032165443493201273e+00
1.064845237504028930e+00
1.022004716725067430e+00
1.067452933672230930e+00
1.027116220622278586e+00
1.035054383313868787e+00
1.054983363719329104e+00
1.031095703294819810e+00
1.004558059038400897e+00
1.091844784274871527e+00
1.012491899934635509e+00
1.042201087485229660e+00
1.027216060433148170e+00
1.025578632221715747e+00
1.012391751743314527e+00
1.043230848749596040e+00
1.005657909691359375e+00
1.100228247119755531e+00
1.056621795244135464e+00
1.029099058759652685e+00
1.022334712333367701e+00
1.014643018662978458e+00
1.026994525416409232e+00
1.061699234360400812e+00
1.014032124579503646e+00
1.026928388046962848e+00
1.011900077194821224e+00
1.017389051218720697e+00
1.009603978254391521e+00
1.100327692848458216e+00
1.031564553154925790e+00
1.044199654915781261e+00
1.004924634959920349e+00
1.018995290619135963e+00
1.063969085529140157e+00
1.004229549737107430e+00
1.008333597883818156e+00
1.035391526904688941e+00
1.035197556062782631e+00
1.055664998246829578e+00
1.073258141712341907e+00
1.007136610742393135e+00
1.013203892285889918e+00
1.022504859742084271e+00
1.000045161772527003e+00
1.003494962712454752e+00
1.011479588237649718e+00
1.025721675952699030e+00
1.012790080803180004e+00
1.061253667109281151e+00
1.016684146010149892e+00
1.070526406436335343e+00
1.087978830380960105e+00
1.023829356429056814e+00
1.011512807446711015e+00
1.014921458535713583e+00
1.048453898984006205e+00
1.013944071762173937e+00
1.019808811685822381e+00
1.025566563081775850e+00
1.031811824424200497e+00
1.108677654973801996e+00
1.011777837759371801e+00
1.018287823553690741e+00
1.013389740465380662e+00
1.018715698387484103e+00
1.005053355401787751e+00
1.018643009586314596e+00
1.063125848613234004e+00
1.015293217326062924e+00
1.019321485454453668e+00
1.075805036273599358e+00
1.043793532493245912e+00
1.027953321816963195e+00
1.048543473747756360e+00
1.006183176005708058e+00
1.024708572482704083e+00
1.005933162286330562e+00
1.011851392871399247e+00
1.007130554746039186e+00
1.018754073153674389e+00
1.019868544146983913e+00
1.076676528530188248e+00
1.013455039519152168e+00
1.025190705867412566e+00
1.052327330823476847e+00
1.052830038573129290e+00
1.045850883684454447e+00
1.014716239778785667e+00
1.026580352971242061e+00
1.009395753221272507e+00
1.009508240629697351e+00
1.022997387503669975e+00
1.044735472221255623e+00
1.028585218902016818e+00
1.062921412289163925e+00
1.054717136328875871e+00
1.001580595442236987e+00
1.031354856022603794e+00
1.034204899122821431e+00
1.081732742798831470e+00
1.001161930071859496e+00
1.028877682384780279e+00
1.010352935810772790e+00
1.002685011005935323e+00
1.032668162127547307e+00
1.048067798871683776e+00
1.048301363107157380e+00
1.001514698159959194e+00
1.021313141808303904e+00
1.002226506731220157e+00
1.012596374813721889e+00
1.009738866446910466e+00
1.010891635109706588e+00
1.017497332114402520e+00
1.014160424482879241e+00
1.082019021650546975e+00
1.018231415810014306e+00
1.064245888566772713e+00
1.009130246406030995e+00
1.047168346897920266e+00
1.003070117814766293e+00
1.024604033351532273e+00
1.000275508858946116e+00
1.052199529071542017e+00
1.077698848246380736e+00
1.001755834573066162e+00
1.072822119879923486e+00
1.048196678855636499e+00
1.018590180025081615e+00
1.067072893138631295e+00
1.015167827003454315e+00
1.021448615409099148e+00
1.004847130638534702e+00
1.037786231221695221e+00
1.001480296901916534e+00
1.025955947066380380e+00
1.039889220926092595e+00
1.053509800400883822e+00
1.007541086659029972e+00
1.046214156779495807e+00
1.042956282489872821e+00
1.030756841199132579e+00
1.032470088809143816e+00
1.004573225754318067e+00
1.033582758610068542e+00
1.019861920307285397e+00
1.059823460501706949e+00
1.016076608787534585e+00
1.031913719495890946e+00
1.022452750332657700e+00
1.061185934716265544e+00
1.012916111973139355e+00
1.003946291147188363e+00
1.045688519693718233e+00
1.021656800304445278e+00
1.032780639355508123e+00
1.001319632505875301e+00
1.078241508782548319e+00
1.061405344188362410e+00
1.035277070350514750e+00
1.000851509033327424e+00
1.019661632969317111e+00
1.090384047849107585e+00
1.039736489995245039e+00
1.008104046920741403e+00
1.024473409781096134e+00
1.083934900765135767e+00
1.029112038934896667e+00
1.001230852134576299e+00
1.034975947349977776e+00
1.013830793306066180e+00
1.004954663320321684e+00
1.021080821539219086e+00
1.030686507047027689e+00
1.000852052923128843e+00
1.030721661770446218e+00
1.027601093408161859e+00
1.050337341693302395e+00
1.022276121375719660e+00
1.030347215381260728e+00
1.045056215281803036e+00
1.064791815189854107e+00
1.019777828342377735e+00
1.033665507154051477e+00
1.040839158635408879e+00
1.002164469259885893e+00
1.051102766266195809e+00
1.019630818734641231e+00
1.038838209701806292e+00
1.025144099550469035e+00
1.041495351606388509e+00
1.043426840781896514e+00
1.009671429588711034e+00
1.038197168071697485e+00
1.057443849050297535e+00
1.011953251197859727e+00
1.046615371866693733e+00
1.036017604259545699e+00
1.079289519451669177e+00
1.013249979878269702e+00
1.007761897353967484e+00
1.016023619637307807e+00
1.013129205745025851e+00
1.046482455172900394e+00
1.044226748054210008e+00
1.038793851888860420e+00
1.010953731032266933e+00
1.058954310038056068e+00
1.079811698224169225e+00
1.028910265701688864e+00
1.037199276983666874e+00
1.026938086831746366e+00
1.014487718782404624e+00
1.014626070969597338e+00
1.016094044205295255e+00
1.009634316032780310e+00
1.065695180659750774e+00
1.058454007136436781e+00
1.024536297419541109e+00
1.019058771012570697e+00
1.074239044349055927e+00
1.011265217759617752e+00
1.030353318088550019e+00
1.002726866809722672e+00
1.009652443926852605e+00
1.033836338146802980e+00
1.038197911002632701e+00
1.032217119155961038e+00
1.060134385266648049e+00
1.104067297814426363e+00
1.047179870103699173e+00
1.024744973271504378e+00
1.055105299648582573e+00
1.006041931382455790e+00
1.039895702907771335e+00
1.028055474473804409e+00
1.008977604814475848e+00
1.086966408608238455e+00
1.017459873555799588e+00
1.034658388405714780e+00
1.061564343694513246e+00
1.027315425344591748e+00
1.005776588558608520e+00
1.053205697659048257e+00
1.018276171726219870e+00
1.093366502672426410e+00
1.062433736428641362e+00
1.057743533732354857e+00
1.018445016338424436e+00
1.046511639151766815e+00
1.096054788622899512e+00
1.028568269645543154e+00
1.025087354148344065e+00
1.000733291316320495e+00
1.041312928506487046e+00
1.058465562258557924e+00
1.012576334908002806e+00
1.016181042044298488e+00
1.026937141113420715e+00
1.003608696661768995e+00
1.004491293780767958e+00
1.022133860666895711e+00
1.013301348633715016e+00
1.021260775191368930e+00
1.024100054756988287e+00
1.088833279989939395e+00
1.075740577875096582e+00
1.007022020110887706e+00
1.062225077660430284e+00
1.004016851041848124e+00
1.027375212630489809e+00
1.008253226776260503e+00
1.018982676820635591e+00
1.045181928680927852e+00
1.022331938253500105e+00
1.051810775419717015e+00
1.042933033648501651e+00
1.075318329448221810e+00
1.029076073482710907e+00
1.051260047636273898e+00
1.016609684287636428e+00
1.017862687127438104e+00
1.020943192072913508e+00
1.021542216843291495e+00
1.005176788932720111e+00
1.028104163021706707e+00
1.004851762149227001e+00
1.063457510394849370e+00
1.003095153019744945e+00
1.023819380239435972e+00
1.014548401372863395e+00
1.007792042003680333e+00
1.049244637198768482e+00
1.042589231577187636e+00
1.007337939216836231e+00
1.035938224665297280e+00
1.050188343191457596e+00
1.048142820858462887e+00
1.004624001235271846e+00
1.040080461092300013e+00
1.042685548959014330e+00
1.059007609396660277e+00
1.027401055031610611e+00
1.024503395130484051e+00
1.083215810983358285e+00
1.050626028113150978e+00
1.030700459293096172e+00
1.017030795707456470e+00
1.056603345615488632e+00
1.024163035132700017e+00
1.004644416383523309e+00
1.024131113373209390e+00
1.060503300228264445e+00
1.023735125096423726e+00
1.000717455932129463e+00
1.034372686225285332e+00
1.108145445789086025e+00
1.053025738774357123e+00
1.034790627241663596e+00
1.068226743000402434e+00
1.052587515028028609e+00
1.026809470521180989e+00
1.032929293078991950e+00
1.044059776751870228e+00
1.056765488874729764e+00
1.002911226358490726e+00
1.048294979597586218e+00
1.023688713396330163e+00
1.038088796761228005e+00
1.047257260841146564e+00
1.029425284114860784e+00
1.007977879542191424e+00
1.021461981598311475e+00
1.003849369084351073e+00
1.040394574381515502e+00
1.078789441603734689e+00
1.050486067627030673e+00
1.020330690751121150e+00
1.032445551608962786e+00
1.015595453131978632e+00
1.029526539135340535e+00
1.015408229353840897e+00
1.044710488011569183e+00
1.013202186406668481e+00
1.082744583469888111e+00
1.038179384514992920e+00
1.003442947592330325e+00
1.000538874488987373e+00
1.110707681133155544e+00
1.011168083492049563e+00
1.016047553023037953e+00
1.010540859650424173e+00
1.071364862791925665e+00
1.037403171331914509e+00
1.027170256015181860e+00
1.030628006592611445e+00
1.016335710582209950e+00
1.034567627659667144e+00
1.022045905483122130e+00
1.010066097210203351e+00
1.037760160318795144e+00
1.019428629501812233e+00
1.049376080444602177e+00
1.021801569933046494e+00
1.027415409696622595e+00
1.049634178272183194e+00
1.023711039096507625e+00
1.083702841205069101e+00
1.050240399559552618e+00
1.054151925476171758e+00
1.078864127159573805e+00
1.020277470587179991e+00
1.032153845921570223e+00
1.040753441364197451e+00
1.039096925169373575e+00
1.078523523172474796e+00
1.014743787892736560e+00
1.014905133019875061e+00
1.069011866607692207e+00
1.050938686198674699e+00
1.010279294048955334e+00
1.031465634457902292e+00
1.045411996784529673e+00
1.018266328221118622e+00
1.022911387260427629e+00
1.031831411688487909e+00
1.024867185700571559e+00
1.046112176700555674e+00
1.000296923888137401e+00
1.022926132375100883e+00
1.017412807947574160e+00
1.034205100077879802e+00
1.048414848024009416e+00
1.003812812241309249e+00
1.007954669192083985e+00
1.038427130788145414e+00
1.044717742799996740e+00
1.032717964307264369e+00
1.093166831634369229e+00
1.026860948727744915e+00
1.006847536096933782e+00
1.040144802087119125e+00
1.033697010388485271e+00
1.032873278317047783e+00
1.029843135889769279e+00
1.074243901315050653e+00
1.006485768052143071e+00
1.003664781943230500e+00
1.007753714935158751e+00
1.012446809183261243e+00
1.033050548402877800e+00
1.034440716749140510e+00
1.011798312878642525e+00
1.026223143293504725e+00
1.025780718352503174e+00
1.024023633605034567e+00
1.051419255867251712e+00
1.025145866436877107e+00
1.046633323547811134e+00
1.008384591704351463e+00
1.028933740951399889e+00
1.053862629055767330e+00
1.008959696118493010e+00
1.024734705453724581e+00
1.034198993794837929e+00
1.009321912494358875e+00
1.046475860207952691e+00
1.003956032390495245e+00
1.076398009765174191e+00
1.024934726888977687e+00
1.017332686173178846e+00
1.005860929452983221e+00
1.022806276353648069e+00
1.038010624515135483e+00
1.004735137135316148e+00
1.015707095775184809e+00
1.055375544459006054e+00
1.036954068148266073e+00
1.010435246443352364e+00
1.008100062969548461e+00
1.066193611590772639e+00
1.014672725651709406e+00
1.009051159252156937e+00
1.119839036710194247e+00
1.015865058958187461e+00
1.006262148470146833e+00
1.024543434887314586e+00
1.022909199322184159e+00
1.071048062253752819e+00
1.006741655922209988e+00
1.004566466423241433e+00
1.004659189064384783e+00
1.066154800666849090e+00
1.023799966717187093e+00
1.007574940706584599e+00
1.033112752303025461e+00
1.029302315913884991e+00
1.010023714012483254e+00
1.033765688580065900e+00
1.017558576620352317e+00
1.012099902845870814e+00
1.027550205827593821e+00
1.014920554208594172e+00
1.011253069176555996e+00
1.061749380336165505e+00
1.007837557990186816e+00
1.014329394563996622e+00
1.020123422603539387e+00
1.013959406042462819e+00
1.010659788388328373e+00
1.047918066026833239e+00
1.016943201421239840e+00
1.005644007053888567e+00
1.029516663124505182e+00
1.006300025977023838e+00
1.018515465693716537e+00
1.062098099951044539e+00
1.019165800760105212e+00
1.035919015520774478e+00
1.027818605745256075e+00
1.006920226168794397e+00
1.037175928197199060e+00
1.058112456416173019e+00
1.004670958341101539e+00
1.046174196367769982e+00
1.040470456158176349e+00
1.059683038619863016e+00
1.005219077727746546e+00
1.015676117319361804e+00
1.040812273784271547e+00
1.001100976685358468e+00
1.044315891527873408e+00
1.058393056409161703e+00
1.024035208344587833e+00
1.022908303527170659e+00
1.014216379227515397e+00
1.000252581123418416e+00
1.009400477657518946e+00
1.091083289714863458e+00
1.059778401669271508e+00
1.013580968012536498e+00
1.082629586426893109e+00
1.019084605663359122e+00
1.015239202373432903e+00
1.007687010928848714e+00
1.065635051828933921e+00
1.096658456411678584e+00
1.016855478382085787e+00
1.041588912805274880e+00
1.017287681775389974e+00
1.005264403094754400e+00
1.020496183428130754e+00
1.030221991857642738e+00
1.006174934222677564e+00
1.053149281061567022e+00
1.026729646630011539e+00
1.011891352782683384e+00
1.033037415058485120e+00
1.050265786740434582e+00
1.016867114231300606e+00
1.041421538079063014e+00
1.022528161579327577e+00
1.082757661672627103e+00
1.047896964041993062e+00
1.018450450574625243e+00
1.000887421366984720e+00
1.037831633936560749e+00
1.009996135892744729e+00
1.006117382819666561e+00
1.072285933141483794e+00
1.119772289363033746e+00
1.013760343697089006e+00
1.015464334754479170e+00
1.008308344258609157e+00
1.024298086542228869e+00
1.059559016759962002e+00
1.041424070372418242e+00
1.056752544289705220e+00
1.011583323964553971e+00
1.043983121541634640e+00
1.069127814212537775e+00
1.014373445040714250e+00
1.040507363561167464e+00
1.020951618852351528e+00
1.014844329940971290e+00
1.085286097573691322e+00
1.018022327455611942e+00
1.005408620077278936e+00
1.020262609655847141e+00
1.023699131908882620e+00
1.046031468717709245e+00
1.077511121665998495e+00
1.053002683224303349e+00
1.072073229423234686e+00
1.025351320834135604e+00
1.042977607413809960e+00
1.015857365538034518e+00
1.003483560322571133e+00
1.018959255570403233e+00
1.041118369678110778e+00
1.014011693594965235e+00
1.058894987510911712e+00
1.049993153929843936e+00
1.009798713942028581e+00
1.017042822524797607e+00
1.054011281582658333e+00
1.012391592838914667e+00
1.017084734857927053e+00
1.017714827069868821e+00
1.051134615501917002e+00
1.001852071804121280e+00
1.003694389539591780e+00
1.032041485050645191e+00
1.020748563840097045e+00
1.035947184331531545e+00
1.013578671395258590e+00
1.067217338448274599e+00
1.046888425291565117e+00
1.003391180556224782e+00
1.049251975848814800e+00
1.085266159338668990e+00
1.075199798817330965e+00
1.044446179451118839e+00
1.006204129777601652e+00
1.031878106515259796e+00
1.014523761336830310e+00
1.085574444680701633e+00
1.042814929577153604e+00
1.034320659978444468e+00
1.040879353227045501e+00
1.023123601948241701e+00
1.019366555598414381e+00
1.073340366139420077e+00
1.017102536913469857e+00
1.002072618371296242e+00
1.020962099566347092e+00
1.049945968396473361e+00
1.037129655182671639e+00
1.081974414812734819e+00
1.005325489006504869e+00
1.067623693970394916e+00
1.019148305949286737e+00
1.025286718782125739e+00
1.022564671142588422e+00
1.005843003318602769e+00
1.012594158155992297e+00
1.045080952553214759e+00
1.001150471680279264e+00
1.006725571858120727e+00
1.001260646962124579e+00
1.058307497589023205e+00
1.034796968444331444e+00
1.008560869254830461e+00
1.047675709606976646e+00
1.083963328057026221e+00
1.073010149505652322e+00
1.069810211179641257e+00
1.000390495243168365e+00
1.032774703110187708e+00
1.013059251801171623e+00
1.031099092274265105e+00
1.016344267194486672e+00
1.007730758848607966e+00
1.023509629997070292e+00
1.026588128922393928e+00
1.099453380552939397e+00
1.002120268747433762e+00
1.015431294501684789e+00
1.057523941921828081e+00
1.038002102511236258e+00
1.054183521894184405e+00
1.038048876882804006e+00
1.046749016092243689e+00
1.026452680207816659e+00
1.010357916223436847e+00
1.052165936571969551e+00
1.031314194562939379e+00
1.007010598484153752e+00
1.051573702189895210e+00
1.080562841380159123e+00
1.017885781742685403e+00
1.015020455925319309e+00
1.004095676738245624e+00
1.038380330096328574e+00
1.080706131756835386e+00
1.006832334034524878e+00
1.025971646262731074e+00
1.004924044092026847e+00
1.001705917277003755e+00
1.038381108430005861e+00
1.059839731704440124e+00
1.017412212159269691e+00
1.061106039855775673e+00
1.005873366439387961e+00
1.012078441578199151e+00
1.065634217471479461e+00
1.027430494159738528e+00
1.034135127646760521e+00
1.001901521807025297e+00
1.006446941814992391e+00
1.002791650018596936e+00
1.066295218777482567e+00
1.006771578958841395e+00
1.057213368949057264e+00
1.018155320957053522e+00
1.051084338955232234e+00
1.018935205628847651e+00
1.013643449974565014e+00
1.004693522511547421e+00
1.014335611450835284e+00
1.025132870235713201e+00
1.053057079062395207e+00
1.023987966690896201e+00
1.086187088091342678e+00
1.029565119216484304e+00
1.001247414247647516e+00
1.021799965732693050e+00
1.040361155552812278e+00
1.011886581560569320e+00
1.041179026751797743e+00
1.027126884340719970e+00
1.001287039214034946e+00
1.048248284149505327e+00
1.030810837585142137e+00
1.004131781415318336e+00
1.025360727821718276e+00
1.014687307593895138e+00
1.061742654664587615e+00
1.014560847273835442e+00
1.074981815593014201e+00
1.029861572183301766e+00
1.016648201084646264e+00
1.052583165164731938e+00
1.041074733911280470e+00
