2.030038968156909540e+00
2.042611884499662800e+00
2.033746075368522810e+00
2.029779083983585419e+00
2.022282250912261325e+00
2.036932093559244095e+00
2.023100447402762736e+00
2.063813890095824277e+00
2.082593265846347297e+00
2.019970543978006461e+00
2.050097283735024423e+00
2.028734552813416858e+00
2.031329405581364433e+00
2.070757984459289602e+00
2.003556284817582522e+00
2.004364869609494448e+00
2.001010971242802139e+00
2.054935996337437842e+00
2.048644285328781844e+00
2.060198034991154170e+00
2.090269982669795024e+00
2.050922146427828885e+00
2.024526642762637607e+00
2.048893704274119987e+00
2.005935098223363244e+00
2.036477118923756713e+00
2.007206054677937779e+00
2.075863774149221186e+00
2.028280380761559698e+00
2.021759064744131251e+00
2.013477785544252274e+00
2.048235944714895673e+00
2.024205888852632640e+00
2.031355869323459018e+00
2.000939524125324276e+00
2.034819650447982298e+00
2.034416854739697911e+00
2.034768449713164173e+00
2.075587475496922352e+00
2.039776632201435014e+00
2.018626187165189378e+00
2.023067655980845814e+00
2.041094290652781140e+00
2.003013955527204182e+00
2.038560997879431458e+00
2.038870178443179082e+00
2.010642793250780436e+00
2.006474111782079461e+00
2.016202953255462393e+00
2.018860702896255077e+00
2.031475847153753733e+00
2.023160388411006760e+00
2.097990980857862731e+00
2.005115869677456253e+00
2.010564814774928877e+00
2.008120463007083245e+00
2.037488058797348955e+00
2.012883192407204369e+00
2.024818813854880162e+00
2.012417182968122553e+00
2.008001072996264291e+00
2.005536073280881126e+00
2.037738658124544244e+00
2.006943476690175920e+00
2.009929618021822240e+00
2.019141352623627483e+00
2.053479920641107181e+00
2.004866774513338612e+00
2.055627874049110293e+00
2.004816265271913700e+00
2.088943163769883427e+00
2.024960823723224834e+00
2.089122727949899616e+00
2.033894906303846284e+00
2.044798261694177555e+00
2.001960064705942788e+00
2.014447645943867826e+00
2.006032280975226456e+00
2.015161537508026068e+00
2.005958013446941024e+00
2.016341706805867773e+00
2.021735941578923779e+00
2.003210640512842922e+00
2.040659490156766509e+00
2.031231447842549720e+00
2.013521920500199514e+00
2.028370305639795035e+00
2.004707609141756830e+00
2.031869159668656444e+00
2.071660095294835635e+00
2.016373547997472038e+00
2.038612246031063613e+00
2.006619618053238963e+00
2.042712355056317541e+00
2.014800388992694202e+00
2.009240596476537188e+00
2.032600124357711646e+00
2.001005427227815936e+00
2.054467321106907995e+00
2.000234762093578311e+00
2.039449756974343053e+00
2.013766664305540743e+00
2.044419329091404336e+00
2.081981670809590845e+00
2.012644430434588294e+00
2.031883640691360959e+00
2.032986976578803340e+00
2.031616078418602367e+00
2.011302061091319260e+00
2.078459144846602769e+00
2.023666192065348923e+00
2.056763095126735497e+00
2.041251230575075848e+00
2.015231223323614707e+00
2.052613170404674392e+00
2.020713896006940402e+00
2.061977663706151986e+00
2.032236282024078466e+00
2.062082855422019634e+00
2.040664474902881942e+00
2.043510156638205899e+00
2.026977759085146324e+00
2.079633921585042344e+00
2.036786554474130373e+00
2.022293944165732160e+00
2.034005839698582285e+00
2.000959698581221247e+00
2.015453897428161056e+00
2.038039651676107233e+00
2.014836347560390539e+00
2.034847404552686534e+00
2.022581470575207430e+00
2.006806024634596675e+00
2.015276677558845542e+00
2.031460050596172628e+00
2.032904915807603352e+00
2.031757946941000093e+00
2.037495233902751668e+00
2.037410170834561995e+00
2.022737006630447532e+00
2.064680812361559870e+00
2.019076160644149631e+00
2.022998786120400183e+00
2.063840741230078546e+00
2.051723294992506830e+00
2.041628261162538926e+00
2.005024245478385314e+00
2.069341584800818978e+00
2.042528375489262693e+00
2.115608951637394597e+00
2.007515993236621554e+00
2.059907000658137477e+00
2.008180871742576201e+00
2.034668298104598705e+00
2.006215577744902667e+00
2.056982843861466126e+00
2.051853336985052678e+00
2.031401217884053700e+00
2.021326793745215511e+00
2.003462476515736945e+00
2.041077139218266723e+00
2.024049501252506822e+00
2.043222317334937976e+00
2.059640726017108125e+00
2.088395941877117856e+00
2.058079202054266865e+00
2.000585692546019256e+00
2.018652389883906828e+00
2.043940545752747973e+00
2.008647905866392858e+00
2.028228298040892774e+00
2.002718840320508065e+00
2.010105754860619598e+00
2.000926120927963847e+00
2.050314098480979119e+00
2.011345934903761901e+00
2.017840916323862199e+00
2.071359834677347855e+00
2.041673469940155083e+00
2.001592278313113926e+00
2.008293285149731933e+00
2.035101153438353627e+00
2.031957282190629321e+00
2.012074890526993620e+00
2.072918732754615689e+00
2.034552447077587090e+00
2.029172318917652262e+00
2.032837444467878729e+00
2.043952564886010403e+00
2.016014084370559178e+00
2.020812025396651723e+00
2.010614886103762267e+00
2.009394797813151889e+00
2.075774405759245766e+00
2.044825157579672315e+00
2.026299635390192755e+00
2.011527702317827071e+00
2.012939280446440549e+00
2.002903845191654764e+00
2.022913412277206113e+00
2.016006007372824094e+00
2.040985310755607962e+00
2.019648960702251195e+00
2.009056468676823304e+00
2.001234063498018134e+00
2.003366263752593746e+00
2.039578128671679202e+00
2.024058736505299549e+00
2.029234087474297787e+00
2.064703868770729311e+00
2.100096781724716255e+00
2.010980614818922874e+00
2.038268532824944579e+00
2.013412543771803787e+00
2.001032607198684588e+00
2.046634621561557843e+00
2.016452313125859597e+00
2.019971811180605314e+00
2.032726022332913551e+00
2.054734938550602852e+00
2.035655876082488991e+00
2.060610597583301562e+00
2.013954290421480664e+00
2.050797406155053793e+00
2.009366169796471979e+00
2.078473747306557762e+00
2.040243972302466346e+00
2.010908503930018298e+00
2.076696005464224282e+00
2.044019722115263171e+00
2.012917427516893731e+00
2.010794610031580554e+00
2.028046710718837353e+00
2.001283284609036706e+00
2.010492005737322785e+00
2.022342455663752148e+00
2.019447163206853801e+00
2.024653236858829253e+00
2.014171638786804053e+00
2.032619043165468042e+00
2.059259512826481675e+00
2.005897563458676203e+00
2.027994209719286900e+00
2.006633316178985105e+00
2.042759465221334558e+00
2.020688399682353698e+00
2.031151479083190381e+00
2.009245139624744603e+00
2.007282009535062972e+00
2.026150714663114805e+00
2.018409411545861509e+00
2.074621234833166294e+00
2.047326881936542442e+00
2.045689277951059815e+00
2.066043615611622197e+00
2.004178476710196222e+00
2.030263412920757293e+00
2.032458376141925704e+00
2.081878953455700731e+00
2.014947264234015378e+00
2.012228612752260837e+00
2.005027624608515247e+00
2.000821493513798011e+00
2.071718174235389398e+00
2.038812392193594114e+00
2.049385350172613585e+00
2.014390191964692711e+00
2.032592962751766485e+00
2.003200998619544038e+00
2.026000540115131088e+00
2.089567389937876385e+00
2.061225155171327650e+00
2.017444560646135088e+00
2.081730730810185559e+00
2.011751309820668965e+00
2.077317419733951454e+00
2.074892372509428373e+00
2.050927096187214360e+00
2.035765065094358839e+00
2.060869888534772709e+00
2.014994065388326039e+00
2.057112140834091107e+00
2.034837267836539176e+00
2.000661836257139115e+00
2.017944903226622344e+00
2.007449470844822059e+00
2.092448334052678938e+00
2.025553958339981975e+00
2.026731412324421999e+00
2.036443146439675722e+00
2.019133472615473046e+00
2.006878381924731336e+00
2.053617664215806382e+00
2.009582747651726287e+00
2.027608442062392768e+00
2.011366357539380090e+00
2.004904211073597953e+00
2.059011357370931439e+00
2.086958902844254560e+00
2.081436397579764730e+00
2.066604158616645037e+00
2.048216672197636257e+00
2.017169286901046021e+00
2.004061813610064746e+00
2.021330129306051049e+00
2.011779111065131964e+00
2.006654582778438556e+00
2.002673198971775204e+00
2.043540892439731138e+00
2.000571360566470780e+00
2.047860188327822240e+00
2.007388727475790002e+00
2.003982452424260874e+00
2.004489309333044478e+00
2.038983365538996395e+00
2.012466594648389950e+00
2.022100579921938035e+00
2.030609106462398117e+00
2.058768945818488572e+00
2.043672219320825434e+00
2.013783637224548340e+00
2.006603649113067434e+00
2.002770776177138501e+00
2.015455180534437396e+00
2.013348871016070074e+00
2.024205302505684756e+00
2.039896577633422581e+00
2.040924673978601778e+00
2.014485643744875265e+00
2.019771748246668608e+00
2.009135854917782460e+00
2.049750889620862271e+00
2.002844641632127498e+00
2.041040600425063190e+00
2.048700748330873900e+00
2.048565913007283967e+00
2.013206465933595535e+00
2.019427086317110653e+00
2.032675916980947406e+00
2.013916033244899761e+00
2.019260717868179178e+00
2.009953952778052333e+00
2.024428759515529030e+00
2.002231648127923869e+00
2.050993880020803850e+00
2.003853560900314967e+00
2.028087284442051441e+00
2.015736316573703668e+00
2.031978912897137945e+00
2.080887519994714552e+00
2.036907301893970512e+00
2.001768599491475342e+00
2.022677328442523681e+00
2.027525888035757173e+00
2.029207860422716614e+00
2.039741580057399251e+00
2.014169902861894901e+00
2.006470782048660695e+00
2.020495235319611282e+00
2.079751099229509403e+00
2.009443007697600869e+00
2.066095296724362207e+00
2.029708073628672782e+00
2.024251603123538246e+00
2.062133936246549837e+00
2.024353378064515319e+00
2.043412120840984336e+00
2.020858078269255564e+00
2.066107134053274841e+00
2.040454922690638995e+00
2.041263381876207816e+00
2.016872363248339628e+00
2.046477140400508432e+00
2.036185596783787410e+00
2.012186262680494941e+00
2.008081132026993565e+00
2.050612578962031307e+00
2.080784749059592098e+00
2.024325393152686559e+00
2.032912728975891703e+00
2.058355942039420849e+00
2.024270354231878066e+00
2.078161970985311413e+00
2.031855747324661454e+00
2.053452300363435512e+00
2.067066198100763863e+00
2.052818825967629657e+00
2.008023766492670781e+00
2.035649672420282386e+00
2.020824230591563797e+00
2.003138691027431584e+00
2.022304293278206266e+00
2.013167481112891899e+00
2.057125272579752640e+00
2.001665619886685121e+00
2.080714211102235200e+00
2.018395856523511611e+00
2.018470249030260177e+00
2.000816436389926345e+00
2.009345430359327445e+00
2.020986155534641782e+00
2.071658905925017891e+00
2.004993408505724606e+00
2.076055710175786828e+00
2.060116918455741519e+00
2.024086633768058086e+00
2.016816663971737533e+00
2.011805741486065280e+00
2.034588673698078942e+00
2.001654108866549819e+00
2.000780309291489978e+00
2.022583054980184425e+00
2.003407631616954454e+00
2.012812090878205229e+00
2.011202154874853321e+00
2.012877905102965492e+00
2.006581979553618389e+00
2.000601800359957050e+00
2.005794092065493750e+00
2.034881383352835638e+00
2.087683006266638053e+00
2.100103714270103783e+00
2.021434691901385250e+00
2.008204434097591307e+00
2.036389363009546649e+00
2.026290112157298928e+00
2.099066819381942395e+00
2.003268662829367663e+00
2.049180455076136553e+00
2.014746456198522218e+00
2.012259517591886038e+00
2.038223232780359773e+00
2.012503128379647066e+00
2.038488842886819086e+00
2.027989701243510190e+00
2.022307607148242425e+00
2.030429776952193066e+00
2.014674399407731187e+00
2.041859769736386276e+00
2.021770365632801436e+00
2.018684027686690641e+00
2.054431571260711742e+00
2.070607963941806684e+00
2.002301506800381325e+00
2.011799624412178744e+00
2.018016026812301966e+00
2.052752265590784830e+00
2.095322569334915563e+00
2.084972356325430987e+00
2.066284876371399903e+00
2.015183891406164385e+00
2.102136921966343053e+00
2.012679486552554575e+00
2.005310572945678160e+00
2.077853314989326794e+00
2.011841055400883427e+00
2.040433520312384452e+00
2.002920247623243277e+00
2.044006285123092681e+00
2.062080329528714007e+00
2.013895584896829405e+00
2.019722610190271439e+00
2.019454264890643280e+00
2.045701244808035835e+00
2.012070412436976596e+00
2.008659340823894190e+00
2.023795340010750898e+00
2.015609897042319076e+00
2.055791952484504748e+00
2.012066989483763280e+00
2.027044646762758529e+00
2.075243156880079098e+00
2.036030548377457450e+00
2.059778910012201258e+00
2.074558011719701778e+00
2.045891574386130785e+00
2.041259381996349376e+00
2.084498059394378267e+00
2.105610980584553094e+00
2.023946489509595992e+00
2.003547938434786513e+00
2.014981930723112491e+00
2.007663944933791189e+00
2.021922979757203365e+00
2.006593843587096249e+00
2.033842836173471724e+00
2.019934677009627144e+00
2.064467221498687444e+00
2.084418668041250200e+00
2.029911285634364404e+00
2.014022403835171726e+00
2.033000218983899821e+00
2.064720498108993940e+00
2.021300865992112339e+00
2.030255812201390953e+00
2.013853949806498012e+00
2.024163500769155188e+00
2.021012209949258676e+00
2.012626578641133257e+00
2.027263529657014729e+00
2.015929390760732076e+00
2.019383315540133950e+00
2.028481156601264601e+00
2.045875179588029447e+00
2.017189151702918792e+00
2.070416881962771072e+00
2.059030220514920906e+00
2.002435884056869231e+00
2.012901672930638597e+00
2.023607260679614939e+00
2.005246104327486734e+00
2.018013626405949168e+00
2.044876411440790243e+00
2.039669731488151783e+00
2.035167775837953386e+00
2.042203100211675171e+00
2.010360294221754884e+00
2.017639369939058014e+00
2.039321967193659546e+00
2.061669237362784290e+00
2.029699649026381003e+00
2.014441919167460959e+00
2.001512038797681470e+00
2.042186392692494579e+00
2.000394189620442020e+00
2.019363313118916814e+00
2.028840935354967456e+00
2.069939869248976549e+00
2.004483850946721546e+00
2.021255306143926234e+00
2.001215779509696091e+00
2.017689685588459181e+00
2.035156491327987816e+00
2.014248283832754449e+00
2.010610028405291239e+00
2.005805153929604678e+00
2.031951205000129157e+00
2.040894692839815949e+00
2.038976077596946546e+00
2.077169717337336685e+00
2.000135153430928625e+00
2.037031944754565949e+00
2.033577154040627111e+00
2.032755551552917872e+00
2.082220734603593471e+00
2.000843599260828221e+00
2.040997054895974827e+00
2.052599022365257042e+00
2.027512606991350275e+00
2.017214236122159221e+00
2.050000504074577012e+00
2.004873909302825830e+00
2.023363718558495616e+00
2.028158804220134392e+00
2.040784090643053439e+00
2.004553851705400902e+00
2.011545677323377745e+00
2.021506726216300009e+00
2.035234806738166924e+00
2.062969278596539446e+00
2.034906685393362835e+00
2.006703955431266451e+00
2.091568345078998803e+00
2.060474647249111335e+00
2.027065468343304033e+00
2.069994470611521642e+00
2.029548550699484810e+00
2.070216992684967394e+00
2.054588531075258739e+00
2.084648016789679037e+00
2.069409123080702351e+00
2.001802200162543954e+00
2.008808798797565576e+00
2.020293621087601466e+00
2.078252655870859389e+00
2.015370651213886255e+00
2.008077499956733014e+00
2.062856274020577807e+00
2.023622669431984544e+00
2.066869623972852565e+00
2.008065397844348787e+00
2.038113897829950893e+00
2.023258732445897490e+00
2.003829969751454776e+00
2.040995424520713364e+00
2.012573265560266389e+00
2.001981476004190519e+00
2.002999857864197431e+00
2.003056729403299485e+00
2.066840798194105489e+00
2.044856377776472112e+00
2.064962545414708917e+00
2.039026356168801790e+00
2.028737465658142280e+00
2.015608707760923046e+00
2.112989210891661251e+00
2.018775718505244843e+00
2.025082290088376258e+00
2.019676793728574449e+00
2.090859426716094038e+00
2.008802978838859055e+00
2.016886988382522894e+00
2.039656177309050022e+00
2.003163499828191529e+00
2.034067318779757105e+00
2.025509593696005695e+00
2.014511332141484701e+00
2.012102127913567351e+00
2.027811424037213150e+00
2.019096649784182240e+00
2.024228082189719835e+00
2.017407091990004453e+00
2.085713354363297078e+00
2.006702837950725016e+00
2.004851799113571253e+00
2.017732740969465866e+00
2.032915726506678400e+00
2.037961371776675357e+00
2.020756843887436371e+00
2.117089584707196437e+00
2.018202902129303755e+00
2.043164194583899196e+00
2.036300287624080330e+00
2.052524954245107836e+00
2.088805198550086395e+00
2.063463057945984502e+00
2.047250124557316031e+00
2.041146640123685074e+00
2.017298373095178121e+00
2.007426311023814414e+00
2.003134831945765804e+00
2.012284834370841935e+00
2.022787740518524391e+00
2.028289879075915181e+00
2.048117178919588000e+00
2.080621835949370890e+00
2.005886879984445592e+00
2.005365960213483678e+00
2.032822372431218660e+00
2.045377187801568297e+00
2.057002456080448738e+00
2.073349094294536510e+00
2.093642608559359353e+00
2.020902560427391137e+00
2.019794813855448901e+00
2.007432572686736805e+00
2.040032725050064943e+00
2.037772407232808725e+00
2.058992226661074731e+00
2.004874668333282983e+00
2.026755516066393703e+00
2.032223074364983617e+00
2.012266771204095583e+00
2.008514668443810436e+00
2.058626558493364733e+00
2.002929199185921938e+00
2.025080583288819014e+00
2.005811761260823278e+00
2.024260456631163940e+00
2.091149030650430785e+00
2.022285261155697178e+00
2.058269457868751928e+00
2.005886631511764051e+00
2.013832679991392371e+00
2.021131637688057481e+00
2.020903159209527011e+00
2.038929995672260187e+00
2.017805934467025608e+00
2.042486655459993194e+00
2.036421525756410222e+00
2.020865858418332106e+00
2.022757088527868063e+00
2.034593251221307408e+00
2.003506400154957401e+00
2.053653168147283381e+00
2.037512331387762110e+00
2.043608594116550936e+00
2.029256542639365613e+00
2.005541220597232499e+00
2.021203117200996324e+00
2.021222566054029279e+00
2.016508145440560007e+00
2.001497782849404050e+00
2.044610664015644730e+00
2.005506258096930061e+00
2.033999734589178932e+00
2.041570639609721738e+00
2.036089744597347373e+00
2.080775393403758944e+00
2.005179054430609398e+00
2.059760245459321126e+00
2.001459754481668796e+00
2.029125637813942173e+00
2.021157560521196217e+00
2.028430506010587386e+00
2.018938355921365613e+00
2.009619746440605148e+00
2.000956182725697197e+00
2.028043456776312592e+00
2.056270414075879849e+00
2.019393498222772365e+00
2.011290727918090937e+00
2.004033199754307493e+00
2.004273424272172477e+00
2.011214402258924228e+00
2.005013520660641646e+00
2.013503404922026174e+00
2.003311066405264018e+00
2.003283745501760027e+00
2.058147121288445458e+00
2.008161846207721979e+00
2.030764358873487385e+00
2.048155545115866616e+00
2.024221455944367420e+00
2.007715596423675031e+00
2.010085089015281490e+00
2.022829077094921324e+00
2.028691803670023663e+00
2.018067000299896829e+00
2.048994159940488835e+00
2.045916377050702728e+00
2.071147386426574144e+00
2.001447863000238137e+00
2.064523243413397324e+00
2.020489141820438483e+00
2.061528129243481722e+00
2.040518321743190810e+00
2.096991942259136987e+00
2.046723898273178577e+00
2.018907308043246474e+00
2.026961366445191537e+00
2.019572130098380658e+00
2.018927839986108808e+00
2.013284734262929643e+00
2.026642652027118352e+00
2.039770045821249767e+00
2.014156284804503372e+00
2.028443119652838078e+00
2.005889903086900627e+00
2.008045745428306272e+00
2.002341524110534010e+00
2.085831801792943363e+00
2.000193007584148752e+00
2.009003965011661119e+00
2.034472706626487160e+00
2.004075292853274348e+00
2.062109737980936774e+00
2.043004651355501355e+00
2.083778372278963786e+00
2.027375217529215679e+00
2.015390826027231963e+00
2.030084529317686126e+00
2.072042176671257785e+00
2.028210653026429444e+00
2.013618175190889037e+00
2.061369699513638132e+00
2.019320584756736814e+00
2.000069163685643137e+00
2.012588303828366509e+00
2.016355312852780912e+00
2.058509231860659483e+00
2.024347312719571690e+00
2.023515190135817043e+00
2.017331542780157694e+00
2.061907172000686295e+00
2.075972134011988324e+00
2.101980230987437359e+00
2.019591975870286937e+00
2.083669968612631429e+00
2.050114215111753957e+00
2.039277139900178781e+00
2.012441523227419538e+00
2.010957787473822478e+00
2.008362447619121305e+00
2.070089112178234103e+00
2.015050740551415309e+00
2.024022644365001788e+00
2.026517177240035217e+00
2.048645840092288672e+00
2.056467186987435802e+00
2.006988641434976461e+00
2.022472240539731736e+00
2.056280909246402722e+00
2.053120349875384054e+00
2.005134468077349741e+00
2.007869198873345695e+00
2.015595346090946371e+00
2.003773332666711315e+00
2.022341142817596804e+00
2.005396915636481925e+00
2.031341163603326727e+00
2.012529053310597948e+00
2.033296426736809881e+00
2.005897249428465479e+00
2.088605388762183601e+00
2.072487683509571799e+00
2.020445154133105437e+00
2.012299347438656127e+00
2.012730922737099526e+00
2.025862722800103377e+00
2.002000362300249581e+00
2.036460760909744927e+00
2.021391348543081889e+00
2.019629487091894049e+00
2.052091262875085587e+00
2.042073092037715476e+00
2.079008974879605454e+00
2.018205300133317781e+00
2.064865606522900077e+00
2.047797487912862202e+00
2.018510181470988485e+00
2.035114898599069466e+00
2.014755631927650725e+00
2.060887711089324448e+00
2.005639682464332552e+00
2.010749111426765712e+00
2.009232479886609024e+00
2.021087575039573814e+00
2.045361481054529751e+00
2.028606082049076775e+00
2.026127196229359217e+00
2.000027296727979298e+00
2.022384324361559571e+00
2.003180861198989859e+00
2.010532538238216205e+00
2.072444526995797620e+00
2.010902823342603618e+00
2.058445210309331141e+00
2.051344876731942435e+00
2.008010083842784788e+00
2.033956977378468256e+00
2.005803064088380161e+00
2.043748873729599680e+00
2.036291200525298883e+00
2.052393181682914403e+00
2.025616177964650877e+00
2.068326357386609082e+00
2.002468876715032042e+00
2.014987000689595575e+00
2.042599825958975934e+00
2.021959175364866468e+00
2.008715560968445057e+00
2.005376383448413957e+00
2.053036638207706321e+00
2.025234256671534006e+00
2.062174442760333015e+00
2.044243319935321157e+00
2.021473493886825956e+00
2.019410091866131296e+00
2.027883133398441728e+00
2.063334243222425535e+00
2.044612930332838197e+00
2.000257635658148736e+00
2.040801031294253498e+00
2.069347155276504147e+00
2.042196763988851860e+00
2.008923258894275143e+00
2.025870400695552576e+00
2.007051768595417673e+00
2.018597627304733244e+00
2.073697006779523733e+00
2.070216815229537488e+00
2.014449241080488839e+00
2.017525539812937918e+00
2.033564400057617849e+00
2.082398075313940833e+00
2.007432199183258437e+00
2.013074230628942196e+00
2.060753786948966493e+00
2.026388659946162019e+00
2.065131126185596244e+00
2.009360103856913771e+00
2.028979303779346210e+00
2.016793113417456595e+00
2.016263442230550318e+00
2.023651397945370967e+00
2.022834563772514471e+00
2.018505853761875635e+00
2.068349525969650937e+00
2.044101195294304230e+00
2.043717864832948372e+00
2.014827556063337965e+00
2.031990371640661763e+00
2.048751570044792025e+00
2.050523519205243339e+00
2.017795575007390152e+00
2.047890070206910273e+00
2.044484213076979806e+00
2.007112228901472228e+00
2.059574428599054041e+00
2.023321384028987424e+00
2.026048906688502793e+00
2.023740314274311558e+00
2.031315916264052834e+00
2.035078442846845359e+00
2.026780700236598065e+00
2.059702520856008690e+00
2.035563206482674303e+00
2.020995820779084351e+00
2.021876827296543500e+00
2.052263777855595883e+00
2.017997910643296144e+00
2.010698343832630020e+00
2.002971725647451517e+00
2.061148094574027034e+00
2.069132226836432498e+00
2.006028418591183637e+00
2.017242151054088328e+00
2.008839539383219019e+00
2.005815018678585915e+00
2.065302182588136137e+00
2.002846104382689951e+00
2.091503573191949350e+00
2.004834015607639852e+00
2.059201903791243904e+00
2.031224982295197989e+00
2.019096084266586821e+00
2.017674877533152333e+00
2.046534684641317270e+00
2.016156558489328177e+00
2.037815920978161444e+00
2.027990823144745658e+00
2.025959672818202328e+00
2.065548954231344325e+00
2.030426922382435606e+00
2.054205876501212558e+00
2.043539009138221285e+00
2.001928501885763545e+00
2.048119910441891456e+00
2.010979226859918256e+00
2.065932478150285245e+00
2.002147120754632859e+00
2.017165278553055607e+00
2.004999355239212466e+00
2.025383659800777725e+00
2.053361513370269620e+00
2.015271570416633296e+00
2.007591655953510745e+00
2.017011636468433622e+00
2.052622947665917685e+00
2.007055218624450355e+00
2.011524982927042515e+00
2.003446666993873304e+00
2.041785094407439605e+00
2.020641180002989756e+00
2.015954244564670095e+00
2.042916198938917738e+00
2.017324693467843488e+00
2.043738247000792096e+00
2.052780063852562620e+00
2.011020381372647492e+00
2.087442837946285934e+00
2.008173980263193492e+00
2.014877235651996834e+00
2.009066297804444901e+00
2.017849420201489608e+00
2.025657703027569756e+00
2.028301411004338028e+00
2.057765753380614626e+00
2.063402273844295642e+00
2.011147201960840292e+00
2.035205291146959805e+00
2.005592660856612142e+00
2.024375400795792146e+00
2.016578430519026632e+00
2.016261171507379046e+00
2.025812873911755574e+00
2.043925655968546362e+00
2.003463262579149529e+00
2.061659159839479116e+00
2.044384126054666684e+00
2.008897304657569993e+00
2.074262159931701710e+00
2.027291655635083067e+00
2.119165114928044158e+00
2.009964534882454856e+00
2.029125073634480358e+00
2.014845476021092541e+00
2.015593990225471366e+00
2.032918425703084786e+00
2.069849570119863813e+00
2.051616186675443210e+00
2.043391742655121135e+00
2.030730188586177043e+00
2.069983037646585977e+00
2.026417827047573894e+00
2.060797451323243656e+00
2.055111366595202327e+00
2.010821749930335134e+00
2.047926199165429395e+00
2.000608547458981867e+00
2.016605456967366372e+00
2.011639946596488926e+00
2.027326417543833692e+00
2.044573335229590505e+00
2.004895742385764734e+00
2.027837499263785759e+00
2.074053365072199728e+00
2.011591921565281993e+00
2.039394875900089055e+00
