1.008415067836045287e+00
1.006937288493317650e+00
1.012265965093170017e+00
1.015747388662444628e+00
1.000025147633003986e+00
1.021834648053228545e+00
1.004443240457065345e+00
1.005215980507884188e+00
1.004770739423506587e+00
1.014121145827316051e+00
1.011141926430076943e+00
1.002255233913942334e+00
1.005344818353136160e+00
1.000034082313923545e+00
1.012842487835818872e+00
1.002997636646196344e+00
1.001039520034350705e+00
1.009521617174394814e+00
1.002773701400140105e+00
1.007512960180628303e+00
1.002028780947420428e+00
1.012480171447375676e+00
1.023138199050481534e+00
1.001347644066330478e+00
1.014021882763773252e+00
1.006564528740148123e+00
1.000643042950825068e+00
1.007061420094482740e+00
1.006443042281885969e+00
1.015937429042625517e+00
1.004391854026900566e+00
1.011636819971568402e+00
1.001661343921576464e+00
1.005064430963745981e+00
1.007353976996011369e+00
1.002288728180293687e+00
1.002497716965988772e+00
1.003116303203316129e+00
1.011282627920396582e+00
1.018877737761883395e+00
1.001596103841248198e+00
1.007495274072679914e+00
1.001849179709270787e+00
1.000678680865777936e+00
1.000493386061567458e+00
1.005647387446480412e+00
1.005594926801808286e+00
1.009589166285020045e+00
1.005084739886684231e+00
1.002911929320735140e+00
1.001206646068024231e+00
1.007885342897717695e+00
1.002750885091652666e+00
1.004903762023469316e+00
1.000219134574306334e+00
1.003164904088414744e+00
1.009331262940401430e+00
1.001545264815442371e+00
1.009533156973527079e+00
1.014687444083620216e+00
1.015024606160150666e+00
1.001980204195535018e+00
1.006220194930242950e+00
1.016079255631207046e+00
1.010983665753300231e+00
1.014910335449796586e+00
1.005041563377899960e+00
1.006708209995335279e+00
1.016104366152990490e+00
1.005648959498227413e+00
1.009708125894708042e+00
1.005584230502282628e+00
1.010495936174345077e+00
1.008624666706264605e+00
1.005834524676716857e+00
1.007513197443170583e+00
1.008354471598946089e+00
1.015410070290307942e+00
1.009843240148607713e+00
1.010621391520133638e+00
1.021358454631054791e+00
1.000846735606879312e+00
1.002366955919191671e+00
1.004087316936919994e+00
1.019072606335535092e+00
1.002896787349165875e+00
1.007782340151593514e+00
1.001477288016855205e+00
1.003450410069524734e+00
1.003522700790795641e+00
1.010505910541209529e+00
1.001364510304849187e+00
1.011624340235246278e+00
1.003890038113461003e+00
1.011065008451153213e+00
1.004755029587579340e+00
1.005610695324607118e+00
1.001579338079424897e+00
1.001339443983306099e+00
1.007394710345841604e+00
1.009065405614116617e+00
1.001154126361477159e+00
1.001751723691589380e+00
1.000405623023327140e+00
1.002044142792981818e+00
1.002818958222609247e+00
1.010127875220898641e+00
1.000816042531776917e+00
1.010059297830804503e+00
1.005306431320901028e+00
1.001796437923706318e+00
1.023203321694835521e+00
1.006790717494563170e+00
1.003764128962055135e+00
1.000694333528899360e+00
1.004035727054912952e+00
1.008610740223678803e+00
1.003121972461423983e+00
1.007852698232063693e+00
1.003551554097713350e+00
1.000555935656175732e+00
1.005418102888681053e+00
1.004616358039762236e+00
1.003123511201492679e+00
1.007184882592921271e+00
1.005080346009898040e+00
1.019380330438607984e+00
1.008770710120807657e+00
1.004637696356573517e+00
1.002711938121390034e+00
1.009607620180964949e+00
1.017371797916239995e+00
1.008879270990002963e+00
1.013631128509823842e+00
1.009993635575131998e+00
1.019159167554963830e+00
1.005332067421720099e+00
1.012020066479256242e+00
1.006868317976355343e+00
1.000619003990508293e+00
1.000165776371327864e+00
1.005592013943768848e+00
1.009506001237960637e+00
1.014793076005954697e+00
1.000407879872799333e+00
1.018756839894952249e+00
1.015648070382548784e+00
1.015190838802885631e+00
1.009171476084505192e+00
1.006209966622743979e+00
1.012867636632652557e+00
1.002606240658030057e+00
1.003738746817943950e+00
1.002175587379021460e+00
1.028260537699525079e+00
1.002425712354913401e+00
1.010339897267320763e+00
1.006140606782304658e+00
1.000416288106683149e+00
1.001017490620152328e+00
1.017923251144915442e+00
1.011323973325036318e+00
1.007463362311218802e+00
1.002648815526923309e+00
1.000079448157894291e+00
1.012018127615272212e+00
1.004008310381496294e+00
1.002708098466545961e+00
1.002170701465652014e+00
1.013006239631764949e+00
1.008759767450411848e+00
1.009145448865282901e+00
1.017679980336848589e+00
1.015954634727826988e+00
1.009916344623913664e+00
1.020378229795280367e+00
1.002902079691876835e+00
1.000245038798536434e+00
1.017461686973304857e+00
1.003366435054785510e+00
1.021764154121704404e+00
1.002837971993567834e+00
1.003553970097340597e+00
1.016797523673835135e+00
1.013119445472159930e+00
1.001220344808382734e+00
1.007959133408980135e+00
1.001984739158396698e+00
1.000897046466212581e+00
1.008609392963102591e+00
1.000977155021448795e+00
1.006289542099680245e+00
1.008648041410970864e+00
1.018561462567910469e+00
1.017436791790427675e+00
1.008520568192438516e+00
1.006766237565932309e+00
1.009319454039005581e+00
1.017651906745609791e+00
1.025200169849699305e+00
1.000413724141996363e+00
1.021312870150652419e+00
1.012844559732673178e+00
1.000938885896105024e+00
1.012758956424134826e+00
1.009558340879612048e+00
1.016610302754651585e+00
1.006076212893212363e+00
1.006776077227358179e+00
1.013886235143856895e+00
1.006471755494487086e+00
1.007142814107966133e+00
1.003103420725656392e+00
1.004255036500745435e+00
1.003676580601329249e+00
1.000571068704752431e+00
1.008089563009187506e+00
1.014063390038275836e+00
1.011958194257004617e+00
1.003132640093097550e+00
1.008146490459909561e+00
1.006574472065296710e+00
1.013235558200548114e+00
1.004572736029479385e+00
1.000457596079733724e+00
1.015755929074809494e+00
1.009710383285850055e+00
1.002293041599242818e+00
1.002600162985903376e+00
1.005202702854220753e+00
1.006358136074520404e+00
1.004253362083538548e+00
1.006971295007864642e+00
1.015983766254257237e+00
1.008932187145333836e+00
1.004796609443917355e+00
1.014688261820598347e+00
1.010233227739377959e+00
1.008276317440560232e+00
1.006984811726014950e+00
1.001100117046479943e+00
1.008262440472742938e+00
1.005203553263586347e+00
1.007534879795029648e+00
1.001556994516740628e+00
1.012373829037942707e+00
1.006912218567198813e+00
1.013679977334916549e+00
1.002614492370661470e+00
1.018490646712557401e+00
1.008005774884469297e+00
1.000947434182601459e+00
1.004027538655184237e+00
1.023269459659686298e+00
1.008626648608926812e+00
1.005513610734532159e+00
1.017126292709808810e+00
1.004681311890424089e+00
1.011385967595908930e+00
1.001838516898044151e+00
1.010263587945050556e+00
1.006590135928534302e+00
1.005584792485666012e+00
1.002936621013021279e+00
1.024273380010740642e+00
1.001551356280657945e+00
1.002571571166220643e+00
1.004907438796406094e+00
1.001646320233569032e+00
1.018303293099263040e+00
1.016845446739495396e+00
1.005784056936636528e+00
1.006605067534011688e+00
1.000776870011100605e+00
1.013954065761085044e+00
1.012222327583424564e+00
1.005132551468097102e+00
1.006368834343982277e+00
1.009493977670537834e+00
1.006193619652192339e+00
1.003483901960821711e+00
1.003808457531706111e+00
1.006997497013707665e+00
1.026456256332368255e+00
1.006566639478902347e+00
1.000697995294528964e+00
1.018533034992131991e+00
1.003922748247949581e+00
1.000497995269437945e+00
1.000904754582708556e+00
1.002155642507055910e+00
1.009010613789089073e+00
1.004774981963151292e+00
1.017214098291001401e+00
1.012566839215580883e+00
1.004124230729118938e+00
1.023966325134604949e+00
1.009634921284294551e+00
1.000217989626923654e+00
1.006155947840706499e+00
1.016842476702372711e+00
1.003787969061177066e+00
1.017765885537403214e+00
1.008663500980444105e+00
1.008089733816487810e+00
1.004744759343233707e+00
1.019985239327703130e+00
1.005672469622798548e+00
1.009014925865668433e+00
1.009065692453082308e+00
1.009185258240074656e+00
1.003923718600617132e+00
1.014848138409319311e+00
1.008274199656101544e+00
1.005063611505924159e+00
1.004143801614159059e+00
1.001425796317564787e+00
1.008570721014124594e+00
1.012278442590053951e+00
1.005553214974612475e+00
1.017124637007396082e+00
1.001575603232992995e+00
1.006535094372272177e+00
1.009166833153273934e+00
1.007858869789911127e+00
1.015852605728085445e+00
1.009989615967501697e+00
1.013494443298055048e+00
1.009548339135325934e+00
1.004444933786030170e+00
1.003475846655247805e+00
1.004523963425343558e+00
1.005346038027074895e+00
1.013549774613601517e+00
1.010559669129101446e+00
1.013550866820946972e+00
1.017662060675757152e+00
1.013183018337070029e+00
1.020504516397488848e+00
1.019373465744098928e+00
1.004125931141067962e+00
1.005118555778356848e+00
1.007954579811920270e+00
1.010124600526944416e+00
1.006180400483348558e+00
1.012416715058850114e+00
1.008970364326030822e+00
1.008314163792425999e+00
1.001827458757637235e+00
1.002157943106379179e+00
1.004021704572855000e+00
1.020524754126649780e+00
1.000954021550710449e+00
1.020301504885113397e+00
1.006369140034268028e+00
1.005751117034344722e+00
1.014206912444147735e+00
1.013697381090822303e+00
1.001682612964393426e+00
1.013092574889811415e+00
1.006892349400863251e+00
1.004155418540842559e+00
1.001358835087439614e+00
1.008250007662533587e+00
1.012218212517075999e+00
1.015687052920306144e+00
1.021570204559226314e+00
1.001545906231450012e+00
1.005182451519235132e+00
1.000608797749127143e+00
1.009040433870121989e+00
1.015772982396337065e+00
1.010056324644629688e+00
1.005067356694378411e+00
1.011696849336480852e+00
1.027435592193165714e+00
1.000014024716290972e+00
1.013588952902972240e+00
1.004198305440636485e+00
1.011384072772829601e+00
1.003007579156925066e+00
1.002549982261631500e+00
1.013029623572762494e+00
1.011883802778193120e+00
1.013077160453101033e+00
1.011633080831599862e+00
1.001201090516975256e+00
1.015568539038365303e+00
1.004910346488523398e+00
1.002781091965601279e+00
1.007824241360267159e+00
1.004467313991838529e+00
1.010536422690818226e+00
1.010209951920806315e+00
1.014318468235405613e+00
1.026073783665178984e+00
1.012741938350600668e+00
1.001778596741624838e+00
1.011764472869935094e+00
1.007812916590130836e+00
1.007750007210025833e+00
1.004348588999975700e+00
1.002022759948223873e+00
1.002180177728375199e+00
1.000720576855965716e+00
1.012906517711865906e+00
1.011309881452916448e+00
1.014553066561191041e+00
1.010412534975358989e+00
1.002112823112746520e+00
1.011122564113466904e+00
1.007660372219246536e+00
1.001362540579942895e+00
1.016579810260908712e+00
1.016442771380203780e+00
1.008893204191164017e+00
1.005512070818772141e+00
1.003019131862929791e+00
1.001222980505869442e+00
1.012925217018038726e+00
1.020985458022569459e+00
1.000175507145299569e+00
1.006403687554268123e+00
1.001329277916224392e+00
1.005496041261245699e+00
1.008047659716919897e+00
1.005650234355235595e+00
1.000215298190468172e+00
1.024366941104984052e+00
1.017701916353259017e+00
1.012011006984594008e+00
1.005238241454122328e+00
1.010102588274434110e+00
1.010534215027158567e+00
1.004389966317233762e+00
1.000496257435267600e+00
1.008790657900740850e+00
1.019230331443500948e+00
1.011401313486802955e+00
1.002889389051739855e+00
1.007626196318887946e+00
1.005088765341630941e+00
1.007471468706738538e+00
1.010850594567942240e+00
1.006516966525934587e+00
1.016946238135542302e+00
1.010157386019138404e+00
1.004556629789552291e+00
1.008608523819212843e+00
1.006039863725997296e+00
1.012532699440069184e+00
1.000093115884399086e+00
1.008133535275321568e+00
1.000293668379994783e+00
1.022683216863899514e+00
1.006842177224459345e+00
1.003558496080082074e+00
1.001388111890839205e+00
1.004409802506507576e+00
1.009009166037938110e+00
1.021735588859360222e+00
1.001182689952714533e+00
1.002658813377059532e+00
1.003533789618458627e+00
1.011848824456664797e+00
1.000988721245071211e+00
1.016071687771578080e+00
1.002772290650728815e+00
1.010715750799722645e+00
1.011712418690071669e+00
1.016012234593252739e+00
1.002623892057838306e+00
1.010832781116567158e+00
1.004567131217380282e+00
1.005061359726230785e+00
1.006854495557349738e+00
1.001646996204246021e+00
1.004645636694774247e+00
1.018659398718544384e+00
1.002277264191344441e+00
1.004047151205500255e+00
1.012962158069944607e+00
1.003177215027557967e+00
1.002074550708347944e+00
1.002404262121029843e+00
1.023870385422650076e+00
1.005420149076730274e+00
1.005170780124421182e+00
1.011625163738964606e+00
1.000785007827522666e+00
1.002135219528105914e+00
1.010756955732116991e+00
1.004108101822899668e+00
1.010359701302907531e+00
1.000285777292828637e+00
1.008217235868887451e+00
1.007434263373085059e+00
1.001820611877177747e+00
1.001489606288981538e+00
1.017844434950654575e+00
1.006802494842604867e+00
1.000624126868940644e+00
1.001867671087984357e+00
1.009755995757770863e+00
1.006363892835358209e+00
1.008345861173414182e+00
1.006083397461510209e+00
1.017684618225711102e+00
1.013501144449856062e+00
1.022817908494630501e+00
1.018570587527031668e+00
1.010955644254664332e+00
1.000657066217651492e+00
1.029116202842407457e+00
1.006311244305180708e+00
1.000763160664766227e+00
1.025347322502938807e+00
1.007872027576486085e+00
1.006094364338240288e+00
1.000247379349775922e+00
1.005639980983435100e+00
1.002311168224501170e+00
1.010736222447183197e+00
1.000098332394346423e+00
1.007250792601459555e+00
1.000546694522712166e+00
1.010645052015437972e+00
1.019637984884327109e+00
1.000541741592204881e+00
1.001292066365220279e+00
1.006970060268009393e+00
1.023227917422166122e+00
1.005393373253811395e+00
1.008667318193217532e+00
1.011739801454877519e+00
1.017830073566897031e+00
1.002230954008292318e+00
1.016899650092474960e+00
1.008866507333571638e+00
1.012913912066812472e+00
1.003782529196314277e+00
1.006725255014952136e+00
1.002642270650065948e+00
1.014476923037223699e+00
1.002585619697401009e+00
1.007501678954670687e+00
1.005486945789621389e+00
1.000620231852719089e+00
1.005403363921345550e+00
1.012326127071196735e+00
1.007184246556424689e+00
1.003906905311045428e+00
1.005891074297403209e+00
1.012059811480052085e+00
1.009667878108488237e+00
1.001390683035408680e+00
1.007221737188256361e+00
1.002509649633507305e+00
1.022533960068498615e+00
1.011184642547289902e+00
1.001014189543427468e+00
1.003154224688939111e+00
1.000978073791350731e+00
1.004804565005278372e+00
1.013421834353210427e+00
1.000835368496115318e+00
1.002081789662230493e+00
1.003407699106364293e+00
1.008823185128750577e+00
1.021980155381765343e+00
1.013423296212466962e+00
1.002538441756196441e+00
1.010540626864933733e+00
1.007635853518205504e+00
1.006593057827183557e+00
1.016743254803974983e+00
1.008178233299414472e+00
1.001723520540709123e+00
1.002076815957376299e+00
1.017477015152709496e+00
1.001004194337400621e+00
1.001732457938173004e+00
1.009372118607374968e+00
1.002841854648157005e+00
1.013527635035317731e+00
1.005459262189717151e+00
1.006450379879455737e+00
1.001614879019904647e+00
1.000352098270362644e+00
1.011679831772107407e+00
1.000926142112173789e+00
1.009123789277457606e+00
1.007324076777831534e+00
1.007016310664467618e+00
1.003838035370704374e+00
1.011600892083092562e+00
1.005237275893456905e+00
1.001901982470671859e+00
1.000701074152990477e+00
1.004421553219875252e+00
1.008531310307394513e+00
1.002789636361239411e+00
1.011268663127871115e+00
1.001363207457248938e+00
1.006290604963432145e+00
1.007310563432606498e+00
1.013370556603558459e+00
1.001479645417685527e+00
1.000020936276171168e+00
1.007261754897516681e+00
1.001895243724671314e+00
1.007894482081766352e+00
1.000411378187511247e+00
1.006578263773439064e+00
1.005096239914829326e+00
1.001965567054446726e+00
1.006228001636635394e+00
1.006370091987956128e+00
1.000849491314262041e+00
1.009843982866776679e+00
1.017019388580101769e+00
1.008628618344689531e+00
1.008880720538665177e+00
1.011416068383455880e+00
1.018353314685028099e+00
1.023230684121887224e+00
1.006609486057904901e+00
1.018991596029842350e+00
1.004652851870399877e+00
1.010931688052187027e+00
1.018402368496519550e+00
1.000202912349980489e+00
1.017395274007386607e+00
1.015660396198302395e+00
1.002597339962451262e+00
1.005368191485848994e+00
1.001542505135632588e+00
1.011386948656617601e+00
1.012141634937411494e+00
1.015487723976381318e+00
1.005832279327992573e+00
1.008934064545669029e+00
1.014096936654435455e+00
1.001169826717061451e+00
1.001494943907537127e+00
1.013272584648179597e+00
1.005839948844681642e+00
1.012835535942009813e+00
1.000001879658923842e+00
1.001442760715381963e+00
1.004779986198904185e+00
1.005194938610876276e+00
1.013770619496161318e+00
1.006877760657521881e+00
1.017250759671418869e+00
1.005585792691770619e+00
1.000837981283730471e+00
1.006078690029500455e+00
1.005386898822984376e+00
1.007520413863822739e+00
1.009117539547355724e+00
1.000736931372602667e+00
1.008702976353328618e+00
1.001660934081638255e+00
1.005690051814205566e+00
1.015978384438835258e+00
1.001680743306136101e+00
1.002639686167560606e+00
1.005561280791466672e+00
1.000755599760388082e+00
1.003658241814777252e+00
1.000969828385884997e+00
1.006368166193524871e+00
1.007923282892265515e+00
1.011437181252406337e+00
1.017550358377931952e+00
1.005775609271302162e+00
1.008892197189375617e+00
1.000751518661490813e+00
1.006341707074160041e+00
1.015049323138544235e+00
1.008250902677983118e+00
1.004874897790129396e+00
1.001117839971893853e+00
1.006701530945978806e+00
1.017291793875252370e+00
1.000924943611341877e+00
1.007215652254241478e+00
1.005609557540258825e+00
1.011685461425698707e+00
1.001900657619335000e+00
1.002156418713313624e+00
1.010670954983256431e+00
1.009906055365748179e+00
1.007003402443936935e+00
1.000056973024247231e+00
1.014514832452844129e+00
1.024259565189827637e+00
1.009653735275954478e+00
1.018165138879268072e+00
1.011644755606049495e+00
1.009992261012572445e+00
1.004542000544337510e+00
1.000997341350970071e+00
1.000402222187523948e+00
1.005967790742973378e+00
1.006102368671084601e+00
1.005031520442796644e+00
1.000374104110727247e+00
1.002518034964578586e+00
1.001714701984145028e+00
1.000159230388001141e+00
1.008732295519355837e+00
1.001239925556889787e+00
1.001865530437298535e+00
1.001242031573449820e+00
1.011815129011059300e+00
1.015589570838043798e+00
1.001490341451767518e+00
1.008668992100888007e+00
1.008742458376262308e+00
1.003592166343457048e+00
1.008184931696010977e+00
1.005711646721256125e+00
1.001349576341449499e+00
1.020108622812980537e+00
1.009879099852124318e+00
1.019719441199554710e+00
1.001899039147869486e+00
1.012591106320276602e+00
1.005526402335902070e+00
1.017939332966018462e+00
1.010050686834488953e+00
1.001849963815678590e+00
1.000406021165285875e+00
1.001576699094093525e+00
1.010598027622762407e+00
1.000131769156819228e+00
1.006386867771310589e+00
1.007580186669170486e+00
1.013107999044497332e+00
1.005908650208058530e+00
1.000068580412112107e+00
1.002769630380687893e+00
1.000594746028347526e+00
1.022956488629278349e+00
1.009090925490649937e+00
1.000023999033839539e+00
1.000481774439036187e+00
1.002857275130732528e+00
1.012179388019877724e+00
1.005214431698976840e+00
1.006807939715375522e+00
1.015147062131475098e+00
1.015929863770187014e+00
1.005631733288144813e+00
1.011702688385911708e+00
1.002970132181173701e+00
1.002207506797506698e+00
1.022211395811675638e+00
1.009086744363314025e+00
1.009453365592431151e+00
1.015360255976991422e+00
1.000337975553504455e+00
1.003653053939087769e+00
1.010741139885013684e+00
1.006028564355367694e+00
1.018831754540456158e+00
1.005967984351746614e+00
1.001594545765311484e+00
1.016688391603670638e+00
1.000063956534060772e+00
1.011668151883116096e+00
1.000104216814958091e+00
1.006157863468299496e+00
1.002598127257602556e+00
1.019522676014497975e+00
1.005181829602092902e+00
1.000386985340881996e+00
1.012125476528767054e+00
1.004066422472708942e+00
1.009110518267198886e+00
1.005303547681435816e+00
1.005788805026171628e+00
1.003359404755201023e+00
1.012431956946563405e+00
1.006165501850646349e+00
1.000495393702446112e+00
1.018973367387293383e+00
1.006675501284394203e+00
1.006505452577094895e+00
1.004475407243631047e+00
1.009029226772179211e+00
1.005250600061875277e+00
1.011441918263796591e+00
1.015309408158012294e+00
1.006563628144949707e+00
1.009361238334927302e+00
1.003782284442490846e+00
1.008847607885758668e+00
1.009030947252185006e+00
1.006912518213346486e+00
1.002011446192428767e+00
1.010878794668946590e+00
1.004108276481667783e+00
1.005060332467352380e+00
1.014368692722003695e+00
1.009929920173864737e+00
1.001035174542325823e+00
1.007787155063278206e+00
1.001088587155825715e+00
1.009224649385261907e+00
1.005152001437525255e+00
1.013129613439637478e+00
1.012214187665610110e+00
1.029686994000993172e+00
1.003831110511743008e+00
1.002206128672609831e+00
1.002337461170807797e+00
1.008368124957161216e+00
1.004311503534629946e+00
1.016666023907440541e+00
1.000993530045681590e+00
1.011818933083164840e+00
1.006563305365312244e+00
1.009072256083400232e+00
1.008172899284422330e+00
1.007205718376466885e+00
1.010288758022877653e+00
1.007458352271963786e+00
1.017505770706139900e+00
1.007557287698959581e+00
1.017345689819462384e+00
1.012934893574697126e+00
1.014229855313082629e+00
1.016204529240975374e+00
1.002559487147105521e+00
1.004421644491612087e+00
1.016302239508560579e+00
1.001876027657519819e+00
1.006570039150905149e+00
1.001313047284193125e+00
1.001918431898011441e+00
1.008191504254035031e+00
1.005172697354643097e+00
1.005571107595067293e+00
1.006851640610676224e+00
1.009520809713787992e+00
1.006713169902333727e+00
1.004410865686131693e+00
1.002433786663251780e+00
1.006176882705664077e+00
1.004881255873387058e+00
1.013202358261109381e+00
1.000191215830488423e+00
1.007872386589041991e+00
1.008719962031032313e+00
1.024379559173927978e+00
1.015673791892095945e+00
1.007001557325270413e+00
1.003688178749311266e+00
1.000127308843549612e+00
1.003056524506054314e+00
1.014225987247303840e+00
1.021784661266254668e+00
1.010346370128524018e+00
1.008455997321716646e+00
1.008498606289409461e+00
1.009310127112791999e+00
1.000022362757295946e+00
1.004802629807602266e+00
1.004239391881233123e+00
1.022459528044372234e+00
1.000009083233642349e+00
1.011131517442577676e+00
1.005304394496159048e+00
1.000810345633895260e+00
1.004676685453347984e+00
1.001604884039398291e+00
1.000467143404768500e+00
1.009977674825661476e+00
1.000308588975912460e+00
1.000149548552643930e+00
1.005604595168266835e+00
1.001639288568359820e+00
1.005901697681616191e+00
1.004747658167991275e+00
1.001281897961308065e+00
1.009115229425039173e+00
1.009306552380287769e+00
1.009209766931224106e+00
1.014843944184907309e+00
1.000084668059374016e+00
1.000346737937417130e+00
1.007091246077288726e+00
1.006200230390932537e+00
1.025090144004317194e+00
1.004629095459078636e+00
1.005072971933332004e+00
1.013833751452209553e+00
1.008804971591878985e+00
1.000889561396829386e+00
1.000721326116180254e+00
1.007178088122377524e+00
1.005182284995446595e+00
1.011110329113552586e+00
1.008896879702031235e+00
1.000003831502020102e+00
1.000210974627175009e+00
1.013965379151090973e+00
1.002071929585084842e+00
1.007858723511692922e+00
1.018659930360051868e+00
1.020968935874290162e+00
1.014117398532338177e+00
1.015827578790897245e+00
1.016576668729290533e+00
1.000958359368016248e+00
1.014571623898091079e+00
1.005455282380824711e+00
1.000533544034682976e+00
1.007252994336625962e+00
1.001463931537917906e+00
1.000990493057134501e+00
1.006223928985668259e+00
1.004041793654847359e+00
1.015503326382729776e+00
1.004052943113936447e+00
1.013418504605700265e+00
1.000061137163551050e+00
1.019320435188657781e+00
1.000679597780788743e+00
1.003347331707526546e+00
1.000311114989070216e+00
1.020214314232673392e+00
1.000646478055508437e+00
1.004510698658093837e+00
1.009582197999756792e+00
1.004140280281716757e+00
1.000093580415607697e+00
1.003053797225376798e+00
1.010642027142078625e+00
1.004919667533574978e+00
1.013348383312071110e+00
1.011192930874481810e+00
1.008140863756241012e+00
1.001183633816767449e+00
1.023142905675954006e+00
1.007051243510672434e+00
1.003311606439297510e+00
1.008425306298912139e+00
1.010469376369383498e+00
1.006222801542081102e+00
1.009155521658614774e+00
1.001354557247141841e+00
1.015208628926129952e+00
1.009921739295672749e+00
1.012026805929000517e+00
1.001426431701965880e+00
1.007029300729360033e+00
1.010167443031361856e+00
1.007077070351547476e+00
1.001243238686066572e+00
1.000758925599425586e+00
1.008675387629634823e+00
1.012667067069765059e+00
1.027444274976572869e+00
1.007835288927954043e+00
1.002909072597268914e+00
1.005301368370185022e+00
1.001336893139788131e+00
1.005428302297924903e+00
1.013980401844816193e+00
1.005088551662296714e+00
1.000647085008698589e+00
1.002088869315924224e+00
1.009698318977963138e+00
1.010138786642653441e+00
1.002501221038385681e+00
1.013045513165881761e+00
1.003585889411107379e+00
1.007624607100811920e+00
1.003946176303138760e+00
1.010178394610639074e+00
1.004882975009519619e+00
1.011743626460501977e+00
1.006466182320318481e+00
1.009125897154012907e+00
1.017716840615566332e+00
1.005742028201997540e+00
1.007540126031688521e+00
1.002386296266942090e+00
1.010185011332801919e+00
1.002690816928876405e+00
1.010112338064601101e+00
1.017547096962214237e+00
1.018717555444628609e+00
1.012805932073107096e+00
1.007350468141213984e+00
1.013883128845862514e+00
