4.890069046313687551e+00
5.202108988101640463e+00
4.745719246082905407e+00
4.836990019886973080e+00
4.551037220362178282e+00
4.709069975560102428e+00
5.362996439634217793e+00
5.225917250323211860e+00
4.915615187349069437e+00
5.335720882690760725e+00
4.781766287507239532e+00
5.431759496850066427e+00
5.462900609097536275e+00
4.894568303301777945e+00
4.531480968722797265e+00
5.287323252341444402e+00
5.351383525213829095e+00
5.451861011623465814e+00
4.815546035993291341e+00
4.686796714598220781e+00
4.554951044856838216e+00
5.275993829965542226e+00
5.043564588851642050e+00
5.143356439678231418e+00
5.098978617337664332e+00
5.166343501805092941e+00
4.569778299371818342e+00
4.718768523301404727e+00
5.161508761744876495e+00
5.056482003667282399e+00
5.096022447668905997e+00
5.087007171312263765e+00
4.541985200466889694e+00
5.179847554675561128e+00
4.553942225738616401e+00
5.174099073806331717e+00
4.704246537509174431e+00
4.634534954244345251e+00
4.624026067209613622e+00
4.548470250198563214e+00
4.835879610977150911e+00
5.119429702682634087e+00
4.967722685122539339e+00
5.826954545381466843e+00
5.101503969551533402e+00
5.049565816032782983e+00
4.770375790250501069e+00
4.575997522115465621e+00
4.747753917034452265e+00
5.237244388424670660e+00
4.717093055747807462e+00
4.577079989072245780e+00
4.862342750361318799e+00
4.927498830983164879e+00
4.574415840935872168e+00
5.095454368797466493e+00
4.843488600513889963e+00
4.909433474430160871e+00
4.524074635660157107e+00
4.636918523775095835e+00
4.791769026407657783e+00
4.565414000727065158e+00
5.051391603959380028e+00
4.637561388806773266e+00
4.734744446429052012e+00
4.520932957704243194e+00
4.661365833416077464e+00
5.218099295427157891e+00
4.864106543434686181e+00
5.053990609302568160e+00
4.631589674881558594e+00
4.624201908097949065e+00
4.906539020064349721e+00
4.621504638685344446e+00
4.625200650629758492e+00
4.562338564033482591e+00
5.086942479042664722e+00
4.555372019756292801e+00
5.296805648721920612e+00
5.258144168874834712e+00
4.601753908587234321e+00
5.568451637137403765e+00
4.720597225686200993e+00
5.296850240060310355e+00
4.545353463358426716e+00
4.590588321120490534e+00
4.792458052307706495e+00
4.529891808894628724e+00
4.672239328059054841e+00
4.919772556784564266e+00
4.582863955469154149e+00
4.578317854857791858e+00
4.763053820424460127e+00
4.564802047920916372e+00
4.970057212572766225e+00
5.127368307065676589e+00
4.816938710289507597e+00
4.540969216281169452e+00
4.931904513233607013e+00
4.652631715005568935e+00
4.747949822805306752e+00
4.622006724342693218e+00
4.958137064903775482e+00
5.168727693340863460e+00
5.235193543972975760e+00
5.102515507913002679e+00
4.874885601754596287e+00
4.882580936517832093e+00
4.628617887481142112e+00
4.509522649516008563e+00
4.885463604439586938e+00
5.015708100651695034e+00
4.759344607140342021e+00
4.960475840418701488e+00
4.709644599376046514e+00
4.728904051833098698e+00
4.747406577328250776e+00
5.213406977881896331e+00
4.628972958559215201e+00
5.571418711800333767e+00
4.666108898105056468e+00
4.829945057141786791e+00
4.663742403766274691e+00
4.819695243821980668e+00
4.761672983990138164e+00
4.744232333542285573e+00
4.692332195025127994e+00
4.513771196224528381e+00
5.151723821130710590e+00
4.799630202108994048e+00
4.665768202277462251e+00
4.619074437681806700e+00
4.599609206137966311e+00
5.475854920374229273e+00
4.917866438596799838e+00
4.667531594185259536e+00
4.666754455805041779e+00
5.860065020876513486e+00
4.962163296501500120e+00
4.603025728829677199e+00
5.136292929724397993e+00
4.789128983258916783e+00
4.985955699904076610e+00
4.909996240774995080e+00
4.589877938711863337e+00
4.577544460032321183e+00
5.081671217470257851e+00
4.652514398371796034e+00
5.032142013471557540e+00
4.514450162292065194e+00
5.627617160437064392e+00
4.837630638187185639e+00
4.783077725340554309e+00
5.133691559447628450e+00
4.769531276025637645e+00
5.004639693974911374e+00
4.515071727505850951e+00
5.368628136372480597e+00
4.876172286282184132e+00
5.049955882081093250e+00
5.446898268955068900e+00
4.776919439918331456e+00
4.565555414596985884e+00
4.521149798061895986e+00
4.816459578492676030e+00
4.899147057438663744e+00
4.728180121020137072e+00
4.827868317224861983e+00
4.579772047495338505e+00
4.602156556293548029e+00
5.331101651494282834e+00
4.611865572021430992e+00
4.867182657856194083e+00
4.711821911983234301e+00
5.476279001753301401e+00
4.561285993837545405e+00
4.646329723036561887e+00
4.692138989839558683e+00
4.734717440760391582e+00
4.560592116992799205e+00
4.597541627955721744e+00
5.248457381701453706e+00
4.822281753126556048e+00
4.600906789959950949e+00
5.367272411816728983e+00
5.044207262481606335e+00
4.661966328862372499e+00
5.270191035876750085e+00
5.060781792355490083e+00
5.893689989027041776e+00
4.549486283093375327e+00
4.938479131357346397e+00
4.666124771580109076e+00
4.596200428991187081e+00
4.685903651072970355e+00
5.047874959063735290e+00
4.947036047090391797e+00
4.701951589884447280e+00
4.565763655155635092e+00
4.577904870749179622e+00
4.929998147106413597e+00
4.817891080754954203e+00
4.741482454832537385e+00
4.560777579286173555e+00
4.832033434945161687e+00
4.669048557420845569e+00
5.264238304409907698e+00
5.011827146493136098e+00
4.774819486895266252e+00
5.373935627864101505e+00
4.885294860850483367e+00
5.184729945473730339e+00
4.914923433771496875e+00
5.452613312796795064e+00
4.555779034183379039e+00
5.110615037889959744e+00
4.525986922144167757e+00
4.567435016017897809e+00
5.152530871039212812e+00
5.047123729605070608e+00
4.916174254944312594e+00
5.365187401047026405e+00
4.758901257742099489e+00
4.503419259140232001e+00
4.544963086371363481e+00
5.044695571604308704e+00
4.665509927566059645e+00
4.907701340686019265e+00
4.791139927754477057e+00
4.647586078222310846e+00
5.067314450629083922e+00
4.519088869610869530e+00
5.004060025431511960e+00
5.074163612405005352e+00
4.552431013894214118e+00
4.678897650468494263e+00
5.387067627431854078e+00
4.809059864765207415e+00
4.906042271380820274e+00
5.105147850545048271e+00
5.229276720178720694e+00
4.564723667379768202e+00
4.863448680386742495e+00
4.630843665914843754e+00
5.011582766622371565e+00
5.456460183791937091e+00
4.529371728116610818e+00
4.963128612201124668e+00
4.959316452982200474e+00
4.772836248537736914e+00
4.945568855421606180e+00
4.754945572109378737e+00
5.741857223948931832e+00
4.821573709591604917e+00
5.177997426238434286e+00
5.405008805672892436e+00
5.064622082690329208e+00
4.992196664261480343e+00
5.022387458948154304e+00
4.581368932037901409e+00
4.674018211517322996e+00
4.804485187494647036e+00
4.779544439892808860e+00
4.602707269074203467e+00
4.708159570284310647e+00
5.034456619952073275e+00
4.533865202187478793e+00
4.951059191524750602e+00
4.737729014099418379e+00
5.424180571412096974e+00
4.685792514053494173e+00
5.578176517072350293e+00
5.224619563312668191e+00
4.633679020426431094e+00
5.315411326538597159e+00
4.699885894689519894e+00
4.793139456101723539e+00
4.786876013352124204e+00
4.603003790674753404e+00
4.845854727868943002e+00
4.532663173186414873e+00
5.579824488652589842e+00
4.777901604610732988e+00
5.192238566283027268e+00
4.697763535688708636e+00
4.684000146711071899e+00
4.924395869529571534e+00
5.102880838428141885e+00
4.711992358409395010e+00
5.058947822214372003e+00
4.566485271538741841e+00
4.546147778224481684e+00
4.556344329999084231e+00
4.680806174187860158e+00
4.854347809387649093e+00
4.692584046443282197e+00
4.693017899647380808e+00
4.839489842185031421e+00
4.526189074318438976e+00
5.188986552253203044e+00
4.893527432924037690e+00
4.574249956653112292e+00
5.641551069379899808e+00
4.684647618740775954e+00
4.647855757408208888e+00
5.252095924796734927e+00
5.073635331268486759e+00
4.831988294176933429e+00
5.273381124526109076e+00
4.808897586536866164e+00
4.516572898846059836e+00
5.042211335067216638e+00
4.668359201908929279e+00
4.708487760879072503e+00
5.405258525545748149e+00
4.940712015517475741e+00
5.092283093731809984e+00
4.864158810942853961e+00
4.912373570315137883e+00
5.095983238986841357e+00
5.464564203893412575e+00
5.028925914111201045e+00
4.517636992526912643e+00
4.731750163109034624e+00
5.104854513668927396e+00
4.520919405051111895e+00
5.277299600189437001e+00
4.989645125659392555e+00
4.650868575652705061e+00
4.788746849774121017e+00
4.518221273628177492e+00
4.544249306202548411e+00
4.877932157600564089e+00
4.644185582961932290e+00
4.613103375225275471e+00
5.465070106616209067e+00
4.970154014704233347e+00
4.527138542455585224e+00
4.690142456293221684e+00
4.615672309463012546e+00
5.517796844448366045e+00
4.696879846498891453e+00
4.928640062370730490e+00
4.853004361775333564e+00
5.340175010413506840e+00
4.503143001295709880e+00
4.710325017562432492e+00
4.610162241036661612e+00
5.115624224009548193e+00
4.754366177658126524e+00
5.197507511505416566e+00
4.859754454768568266e+00
5.480010083618362948e+00
4.793283934812929914e+00
4.726974989890237566e+00
5.059075527051439813e+00
4.615914716784199179e+00
4.958335426451319528e+00
4.537353929523762375e+00
5.046461618127498383e+00
5.105606366121408612e+00
4.583122999259134467e+00
5.284786521229315248e+00
4.557033788189166046e+00
5.069552529989239886e+00
5.360958827402790838e+00
4.962582036637023464e+00
4.892153375087161749e+00
5.039996529350706744e+00
4.640691144606972962e+00
4.693936083193053221e+00
5.191797201086920666e+00
4.556832098162401756e+00
4.909609983642035047e+00
5.289096216479951096e+00
4.551486058693536840e+00
4.607361359718025184e+00
4.565039914253483211e+00
4.566961037623274322e+00
5.144235228652052960e+00
4.944182599898804042e+00
4.642065827590535321e+00
4.784598594812539574e+00
4.900384423368326914e+00
5.016668698906903145e+00
4.732862434694547815e+00
4.733596060654002180e+00
4.756314371563306054e+00
4.602587142985742119e+00
4.526308409004039746e+00
4.939108273555760320e+00
4.806465790329579768e+00
4.681213001559299869e+00
4.797698565774342505e+00
4.559613013688039729e+00
4.752187458445800594e+00
4.936978938489959390e+00
5.409671584363458408e+00
4.835899764696375946e+00
4.656389640325557799e+00
4.794979746985932323e+00
4.636382171889156467e+00
5.342528032980657038e+00
5.408488494976547933e+00
4.532840346746993987e+00
5.072043826639231590e+00
4.790835037590906786e+00
5.179068838519817142e+00
4.912167974197207521e+00
4.701128293842959494e+00
4.516004377509158729e+00
5.277719656601220777e+00
4.916048126448543165e+00
4.691358552585392694e+00
4.572139079163480169e+00
4.881867080590879482e+00
5.019560337832711383e+00
4.939957931036039085e+00
4.510367060122348448e+00
5.299866079866400348e+00
4.787811460343805336e+00
4.545309955175295791e+00
5.030403680834107938e+00
4.815802881430092164e+00
4.751764082489879470e+00
4.879396773790122488e+00
4.710856642116088899e+00
4.651634602925746265e+00
5.341622431929977211e+00
5.147342879350457423e+00
4.715104449217033533e+00
4.686143086334833008e+00
5.082280184725984640e+00
5.103103475997509797e+00
4.503813430259262063e+00
5.221880285212602502e+00
4.796649517917505712e+00
4.560777620173543490e+00
4.939605828408829780e+00
4.706767398663775026e+00
5.403011771905974037e+00
5.146220601075843781e+00
4.606033458041334683e+00
5.104826726562304628e+00
4.661471776287410940e+00
4.684319690811277859e+00
5.702530041669930050e+00
4.572281923121009228e+00
5.068674184420268958e+00
5.069165869690358761e+00
4.632772070323391667e+00
5.282317135615617332e+00
4.555954453949540017e+00
5.036649501994954647e+00
4.500213603884242630e+00
5.030029235986995140e+00
4.937614295174243217e+00
4.747165582073307633e+00
4.967355966138288004e+00
4.983439598358764044e+00
4.931838026986844703e+00
4.627685757374059072e+00
4.697997552107169739e+00
5.265998797703410617e+00
5.195074537091469935e+00
4.717545594622141181e+00
5.762831309352796083e+00
5.467100008535411781e+00
5.031536799506278079e+00
4.630505389621345280e+00
4.647115200865496121e+00
4.819448870647130789e+00
4.546966942586564642e+00
5.317788177876120237e+00
4.768131855096064520e+00
4.731782709311119994e+00
4.801389516190118556e+00
5.383963129769476552e+00
5.350234197295820948e+00
4.663596033769348281e+00
4.876932504066666674e+00
4.785992853255299551e+00
4.528791005057403396e+00
4.856840639523497316e+00
5.097042346793920764e+00
5.103843220296443661e+00
5.056105831618294744e+00
4.628882255969715587e+00
4.545941158677673677e+00
4.606740295642643090e+00
4.506213425863940358e+00
5.082259755631035603e+00
4.629630537925901734e+00
4.788040403159860681e+00
4.558166459444253249e+00
4.868086039853529279e+00
4.768290046271850713e+00
4.674646892998496561e+00
5.480096578847929223e+00
4.699710378966481805e+00
4.986727146227703855e+00
5.547211686843610323e+00
5.016062506829115364e+00
5.004877372888453024e+00
5.117795649232649069e+00
4.967234195091317694e+00
4.768806017918961970e+00
4.648798734509581365e+00
5.510281453105957183e+00
4.963170137777543012e+00
4.504369713740329573e+00
4.745085833761333305e+00
4.525824797173934044e+00
5.232853552231025773e+00
4.640157015660236972e+00
4.868688720241500789e+00
4.627080347417215300e+00
4.956137764610259566e+00
4.969123270844010953e+00
5.093494253198056043e+00
4.857830969957555034e+00
5.190226757042990968e+00
5.089898312108042333e+00
4.850549458605364350e+00
5.223969493920937346e+00
4.577203265590897630e+00
4.588343998147093927e+00
5.785888995791538925e+00
4.582329402417901321e+00
4.948877965259806722e+00
4.956742423115374052e+00
4.752953139610484712e+00
4.788197522807508655e+00
4.850757550300188292e+00
4.819148055637013428e+00
4.948636511260733784e+00
4.539848810445365146e+00
4.645897722000915664e+00
4.891926270901336693e+00
4.888316541902875123e+00
4.653756655944495613e+00
4.558389997076080391e+00
4.632864120874771174e+00
4.860954461317859909e+00
4.749424033041925952e+00
4.689839300138376466e+00
4.530368723308183299e+00
4.533008713750456664e+00
5.159262979021614015e+00
4.877536637662305274e+00
5.417162158648971548e+00
4.656495343933915620e+00
4.587447830344013155e+00
4.518838644926330694e+00
4.915031449406909836e+00
4.915073613872502634e+00
4.636542662981451457e+00
4.768407108080769952e+00
4.575315543861466772e+00
4.592944650676473728e+00
4.949310566636743403e+00
4.703175270758331195e+00
4.694146051109250095e+00
4.920874271705412362e+00
4.657132107601026583e+00
4.510046919910187135e+00
4.696386270877334290e+00
5.265039466698303805e+00
5.268557458885045897e+00
5.371433787207312349e+00
4.622328693657709486e+00
4.986901391112331439e+00
4.831137181192097785e+00
4.668026200091496491e+00
4.961216964812383168e+00
4.929827792195442093e+00
4.591268501785853218e+00
5.088709261469550604e+00
5.349394985782456757e+00
4.698741436807638117e+00
4.562307206507719926e+00
4.736297289662798171e+00
5.218215267039900240e+00
4.808124696190525960e+00
5.092423587103263927e+00
4.907886846908565914e+00
5.626653550938677029e+00
4.883644304951109127e+00
5.116856286090593287e+00
4.751265243854160936e+00
4.798202034861835052e+00
4.672748750529301276e+00
4.661732042813940602e+00
4.880236914271518955e+00
4.988274018998389181e+00
4.522427818433652824e+00
4.524537657847753636e+00
4.517451730925723830e+00
4.863848013701827178e+00
4.906013408718704838e+00
4.876974458981709226e+00
4.824766134090626934e+00
4.886529077915547248e+00
4.693337178229365136e+00
5.359497151988178665e+00
5.221425534907921495e+00
4.837857243982784716e+00
4.931224733878055488e+00
4.929594452017736828e+00
4.653293527701384491e+00
4.600577352638626216e+00
5.298974379443871285e+00
4.756033081298325804e+00
5.344429994927407890e+00
5.011221883065759997e+00
5.053413052417861095e+00
4.615494129290534708e+00
5.294010765550302366e+00
5.132256186546301002e+00
4.536680298399963895e+00
5.321422808276261129e+00
4.873879895358085967e+00
5.014566884479921605e+00
5.180403617635362501e+00
4.646402037343624336e+00
4.722216918209594994e+00
5.150500721763837220e+00
4.741719084308172683e+00
4.971135217958081221e+00
5.168518938128213946e+00
5.106420446278457703e+00
4.925033757996835959e+00
5.388241595782777615e+00
4.691210550900268395e+00
4.782990466476093161e+00
5.103655881980250442e+00
5.089865558980498861e+00
4.976695774594662502e+00
4.579027694130230586e+00
4.901877919589223254e+00
5.559450111706083497e+00
4.668526378634194174e+00
4.543276326202970949e+00
4.509254613293978586e+00
4.923887480140470174e+00
4.532701236889239205e+00
5.390564966122245671e+00
5.286290162435982154e+00
5.325371235565604877e+00
4.965595052580460411e+00
4.519447593281539000e+00
4.887655069557918175e+00
4.548655731873324726e+00
4.551565475202734135e+00
4.534925547451912564e+00
4.576400078762297596e+00
4.860292975626692602e+00
4.891927150362574750e+00
5.109130978074889029e+00
5.117596395571649914e+00
4.691459917602585961e+00
4.794867846783805732e+00
4.844013952884161256e+00
4.503299999173221657e+00
5.271749715664134861e+00
4.835643075758746079e+00
4.902447060077412821e+00
4.647412531480113351e+00
5.108031666766587264e+00
4.734835685069499256e+00
5.001699784668234727e+00
4.849792055085724307e+00
5.209821535950687199e+00
4.862606151308572322e+00
5.208668343061765960e+00
4.712922081417700859e+00
4.726941024012253578e+00
5.027393456596198185e+00
5.009246571744684573e+00
4.569907346826871830e+00
4.698735331581107566e+00
4.581003261764634793e+00
4.648324054195478894e+00
4.742321595208126794e+00
5.665816729688112119e+00
4.741721477511421590e+00
4.796725004402081716e+00
4.547949547693241001e+00
4.741741058351416349e+00
4.694449924577593691e+00
4.738034200908338711e+00
4.574552637071705341e+00
4.974028467410301246e+00
4.548752725054773904e+00
5.014219658708070071e+00
4.650076217195577399e+00
5.014827614435452219e+00
4.797761054511218148e+00
5.529118547284154417e+00
4.754900267135081293e+00
5.167178807034118471e+00
5.437373269148450206e+00
4.523408898427208946e+00
4.920495384198211752e+00
4.665835264621524203e+00
4.648959755123321713e+00
4.846339384590969246e+00
5.443347823280992870e+00
4.538844572987011716e+00
5.522456820994216642e+00
5.150282981240894564e+00
5.322931192221001417e+00
4.531577507207098066e+00
4.693155889379431400e+00
4.576896995706611015e+00
4.763313399067493847e+00
4.609629567415031381e+00
4.543379490480199401e+00
4.964361205473060146e+00
4.864497753590449669e+00
5.281514076681503411e+00
4.598415747572542678e+00
4.725407241757230814e+00
4.905578693351522190e+00
4.550827589888218228e+00
5.304201629054313472e+00
5.559588179578552669e+00
4.867929537129810136e+00
5.182761136739899577e+00
4.830731081157518148e+00
4.560094549592166757e+00
4.763582342487058696e+00
4.857628897448217131e+00
5.054224649546641857e+00
4.585183657269557678e+00
4.791592076108722509e+00
5.013576842517919019e+00
4.950947820793060394e+00
4.552760047142444755e+00
4.717499510274414831e+00
4.530002954648493230e+00
4.594315053217808753e+00
4.632523114561441169e+00
4.773181348580660455e+00
4.837906603799777550e+00
5.174838724409343449e+00
5.110219254839567071e+00
4.837216846237450518e+00
4.699058344734537762e+00
4.583662692967274133e+00
5.284545974065685492e+00
4.803598995046098885e+00
4.937539422148864432e+00
5.013397693074590933e+00
5.069068991813153957e+00
5.175665344628855635e+00
4.829861983851286844e+00
4.786420927976511308e+00
5.078722281415497974e+00
4.734793573722185123e+00
4.534234027235084064e+00
5.164186814958126703e+00
4.970387911675493875e+00
4.805730518208985558e+00
5.665946983784134083e+00
4.993336535639291363e+00
4.584322889293432013e+00
4.727418660279136375e+00
4.865314814469801519e+00
5.130070197931874354e+00
5.223946291625217064e+00
4.913099612445694042e+00
4.548506860578884314e+00
4.744359916148034984e+00
4.718615370828890931e+00
5.277775461962619374e+00
4.596817281452032056e+00
4.668264422510657319e+00
4.529648331677864626e+00
4.810878368937743232e+00
4.601869123091465674e+00
5.632804877004916833e+00
4.785081426734058674e+00
5.337099611501317398e+00
4.628359458828864348e+00
4.895953187431210551e+00
5.064484465935633395e+00
5.133429563943132656e+00
4.982569867895790594e+00
6.148083393055630452e+00
5.036013615049172110e+00
4.931407413678811302e+00
5.266640539193892856e+00
5.038162232812422481e+00
4.582026864903176566e+00
5.098906102296107079e+00
4.594986941480145859e+00
4.593713267787222776e+00
4.686236975215759770e+00
5.071038917235537902e+00
4.906962069566171536e+00
4.724140481355015631e+00
5.142152657130425020e+00
4.559070370978397513e+00
4.690798043429165176e+00
5.216691204096703061e+00
4.735532389331235770e+00
4.710508506587673061e+00
4.865425828230632632e+00
5.343980745370439323e+00
5.537910651647301563e+00
4.549762534097268940e+00
5.473518767641976979e+00
5.530910448124370049e+00
4.726444259882000232e+00
4.511330088853219067e+00
4.728837034037414178e+00
5.100772697032894598e+00
4.577080714210904233e+00
4.655847315138017528e+00
4.575235304956626337e+00
4.521415688406046129e+00
5.198606762415776572e+00
4.917977274519322428e+00
5.270566881833591566e+00
4.577625389018369795e+00
4.997276954998292275e+00
4.898927543798793138e+00
5.198840661511626493e+00
4.821951499504782745e+00
4.684236984983028762e+00
4.843710426699161964e+00
4.819499376997589124e+00
5.003560731955450258e+00
5.456132305500857704e+00
4.738481484660747256e+00
4.895284745526907066e+00
4.730502347415558084e+00
4.884224864776450126e+00
5.354642411793343548e+00
4.712752081340175536e+00
5.413771727080617602e+00
5.098472679774127769e+00
5.047727695599212083e+00
5.149062449470723557e+00
4.872667042158883355e+00
4.630369394125562366e+00
5.782628501888367190e+00
4.681417315050664385e+00
4.681383927104485920e+00
4.859298211496378528e+00
4.770295496507916511e+00
4.554525910587210902e+00
4.805281097598861351e+00
4.719696943662946786e+00
5.360300160129634506e+00
5.308564972271833327e+00
4.925862054740026252e+00
5.032048447292378768e+00
4.910264918868606721e+00
4.646855021311643519e+00
5.083112420223361738e+00
4.673648353642825271e+00
4.737792041487477235e+00
5.207455126138249568e+00
4.737384237057591818e+00
4.530191115059203355e+00
4.514905207385175423e+00
5.052958499012155436e+00
4.528378726526769427e+00
5.928118440895170593e+00
5.843691351143428747e+00
4.776395117588013939e+00
4.657725022945162330e+00
5.151750434169953152e+00
5.051841748787023079e+00
5.440553286862706450e+00
4.637863786803140265e+00
5.470467294024145666e+00
4.919545958575527678e+00
4.880032207057336535e+00
4.942913548362462883e+00
4.673212119261951791e+00
4.741549751858200601e+00
5.286684475544584316e+00
4.975426803979336121e+00
5.245836137872425198e+00
4.683896886542362914e+00
4.546043133243206746e+00
4.585105953321704675e+00
4.664813467585016582e+00
4.832736464966853163e+00
4.621344975530826460e+00
4.995776496428661062e+00
5.110833852576129210e+00
5.032446021183825557e+00
5.049044473894798379e+00
4.894754339244062891e+00
5.068513167434021582e+00
5.287575542207734181e+00
4.956769092404123889e+00
5.453162088538577201e+00
4.886052172291204698e+00
4.984520894369294908e+00
4.818530161196385997e+00
4.878543556633417211e+00
5.080704760547336107e+00
6.072543598290445210e+00
4.529847856514107818e+00
4.875069307340626601e+00
4.768968870777914759e+00
5.404185350479007610e+00
4.597697456339945532e+00
5.176141006211668838e+00
4.582095251034397521e+00
5.103876173750463430e+00
5.305334690323723734e+00
5.070957344420529367e+00
5.477620563594136627e+00
4.921091458060793400e+00
4.679873501783903933e+00
5.252011155004403520e+00
5.074840206975478551e+00
5.199913224048814619e+00
4.860482331092538466e+00
5.206405039823346570e+00
4.572427697269610292e+00
5.374289363751154625e+00
4.643522057321777474e+00
5.120682041626186454e+00
4.500615682733982048e+00
5.405094094461719401e+00
5.486960823526558784e+00
5.426549327764968567e+00
4.876654887690545337e+00
4.611930080064515103e+00
4.547216380905450883e+00
4.941028288992931117e+00
4.864010960231414771e+00
4.815741129290821654e+00
4.564297766764972231e+00
5.266222029243472491e+00
5.049038084223824718e+00
5.265903432994496924e+00
4.755163203824483986e+00
4.935586744071313703e+00
4.821227462788114870e+00
5.695513344371123665e+00
4.755023933557628091e+00
5.163669351174334565e+00
4.911754394518902167e+00
4.702580337048254400e+00
4.770719941573522860e+00
4.728502862036304322e+00
5.093746649130466153e+00
4.983554169368292541e+00
4.573094914685202461e+00
5.105216184528280188e+00
4.807426404037520307e+00
4.710688237454919935e+00
4.743605265000502058e+00
4.581882558038787856e+00
4.700999842722646704e+00
4.609430291439682748e+00
4.804598745275759697e+00
4.859543550848796301e+00
5.788254230112036325e+00
5.098761418616208019e+00
4.860340251019952262e+00
4.743913950240137289e+00
4.600311679623296790e+00
4.747427616192923416e+00
4.873204749825006843e+00
4.612364372948444924e+00
5.322218543747767150e+00
4.956842063903492246e+00
4.765826159987952337e+00
5.132677828268008113e+00
4.584719770400887739e+00
5.198829741828792095e+00
4.511859402752529391e+00
4.758672226917491699e+00
4.885079120756784299e+00
4.606021264401841897e+00
4.986870445256792905e+00
5.532668003190560846e+00
4.550794895454120415e+00
4.505787859993754196e+00
5.027158092305905157e+00
5.131423847346932909e+00
4.773977324635712449e+00
4.724060557260702176e+00
4.728017419261640875e+00
5.200086450584851860e+00
4.536253730938080153e+00
5.135385140873447440e+00
4.589267107677263979e+00
5.171611466806737667e+00
4.870630381909248463e+00
5.195744935409138066e+00
