4.954543131421403679e+00
5.322537295157444781e+00
5.105301936416031694e+00
4.581108708132328289e+00
4.541820018272816561e+00
5.448186646389260979e+00
4.601972871436324830e+00
4.947446924855206873e+00
4.649962516052109862e+00
4.849580140534468065e+00
4.827493517937305967e+00
5.038734599863238017e+00
5.171205596850962927e+00
6.126098927695020180e+00
4.632199606431163907e+00
4.788946377394652565e+00
4.745100549839298409e+00
4.521183783652413801e+00
4.650658370488634397e+00
4.874753875432482175e+00
5.271034963125306838e+00
4.702007096082761350e+00
5.019744667159852014e+00
5.440756250954845719e+00
4.613365378966795660e+00
4.568247855097594901e+00
5.735650766350252283e+00
4.531369645745108699e+00
4.679902519180023646e+00
5.255751747691171261e+00
4.676172365582018209e+00
4.610900268014670011e+00
5.115705991689860177e+00
5.046611506389076851e+00
4.567743291627856195e+00
4.838656078824111972e+00
5.307009634973079315e+00
4.779667022030631429e+00
4.641077481762218682e+00
5.012234817741866522e+00
4.644841844901912431e+00
5.342351532857612106e+00
4.775831472698127023e+00
4.827696607951557972e+00
5.012360966690326158e+00
4.733510896129857315e+00
5.448003233764310949e+00
4.674498173292215952e+00
5.558512914097114788e+00
4.753756430488164320e+00
5.113669276962973242e+00
5.155273874746767682e+00
4.939899436624419771e+00
5.158067499264197053e+00
4.912602539654838729e+00
4.922910513624104034e+00
4.588618190276448239e+00
5.300141225364230380e+00
4.597114797945003772e+00
4.841478341025419851e+00
4.705100458389980034e+00
4.684936621042534277e+00
4.607115192858240782e+00
4.875869432450542718e+00
5.210253196054191349e+00
4.834826445936486472e+00
4.733778362280406604e+00
5.396762043181425383e+00
4.584275076513778302e+00
4.821918736144517048e+00
5.089260611150439040e+00
5.317434037749877440e+00
5.398865616773327325e+00
4.570420638250633161e+00
4.869872190188559102e+00
4.634146071193367966e+00
4.611952413544133655e+00
5.248482727841644824e+00
4.740211674261767705e+00
4.566662480471806340e+00
4.638522296334961048e+00
4.748569914550811788e+00
4.966956411827818663e+00
4.942855571567497108e+00
5.388709868570288108e+00
4.703024802431000850e+00
4.760124722834754962e+00
4.681286198129098963e+00
4.573328498495866867e+00
5.531930710344337143e+00
4.560333550711180628e+00
4.816122962172856070e+00
4.894604486606862537e+00
5.018438980779597713e+00
4.673940758000436624e+00
4.849997664103569583e+00
4.753360630955996591e+00
4.560909779225848837e+00
4.575806299300992919e+00
4.764851120650615002e+00
4.502208394178221162e+00
4.515650388150621808e+00
4.533403432291024160e+00
5.094298946715157150e+00
5.297745969850899073e+00
5.332951081929937054e+00
4.505090452816127744e+00
4.971369703854780830e+00
4.683529612645806139e+00
4.543846602686143932e+00
4.565204059090203437e+00
4.541867625916526485e+00
4.877930601345788375e+00
4.697309332922066538e+00
4.604964658677048739e+00
4.591674711239797091e+00
5.201546569727532265e+00
4.514133466745932743e+00
4.833523079632411346e+00
4.545647229760137797e+00
4.591978489141638420e+00
4.810419138022857588e+00
4.631142267631722653e+00
4.954542415925902610e+00
4.747204783589214827e+00
5.119264114940863308e+00
4.975006775059696906e+00
5.644450640409827358e+00
4.731779592595824369e+00
4.796003158497120111e+00
4.985245671521805200e+00
4.778213999121909694e+00
4.652121279621550975e+00
4.504184379941146510e+00
4.676296152484743729e+00
5.245801256843598992e+00
4.911541416325711396e+00
4.502914091017682807e+00
5.123943172040231531e+00
4.509783778182776537e+00
5.493915625380513035e+00
4.848190522801815838e+00
5.342708742676182787e+00
5.290071199033487659e+00
5.288635262094299350e+00
4.744954862312861010e+00
4.617556058264498553e+00
4.727708689872939907e+00
4.584546559670632959e+00
5.193228056115522406e+00
4.893390864649864724e+00
4.658385341990611828e+00
5.170350683874601394e+00
4.807076322024409265e+00
4.506817908812305262e+00
4.596663267177693690e+00
4.777975948255986260e+00
4.548712658129890229e+00
4.960883132824926989e+00
4.624944209875106793e+00
4.915574855016364708e+00
4.505901597096899636e+00
4.591244279899079572e+00
4.710285249356854997e+00
4.555057584510298518e+00
5.699189634727130915e+00
4.647507298793721375e+00
5.319256159445103549e+00
5.003815379843037370e+00
5.519580863722483244e+00
5.349008956439829987e+00
5.274589117791714798e+00
4.901282017070945685e+00
5.552119604118769480e+00
4.614299940362376340e+00
4.802026991178347082e+00
5.114764548191105931e+00
4.824384148219898805e+00
5.885815908512984862e+00
5.055170919799247820e+00
4.630790459996565467e+00
5.157359504115071935e+00
5.293443694918419595e+00
4.868943732234764177e+00
5.797486941236701163e+00
4.866059013916856024e+00
5.104231822140326891e+00
4.708983418819502553e+00
4.651972332432367629e+00
5.118294744376528094e+00
4.622130011977645836e+00
4.681857976076033268e+00
4.739608215901816912e+00
4.943115686779774975e+00
4.721501397096289132e+00
4.706863032553759929e+00
4.793699572900618655e+00
4.798716729748897514e+00
4.513140487373902054e+00
4.703829792018478173e+00
4.813745456930524469e+00
4.649781017665157279e+00
4.819367106927090916e+00
4.893987486490021688e+00
5.201726785077611659e+00
5.106338058052359408e+00
4.663695926728900432e+00
4.581018529315816323e+00
4.500812806107504116e+00
4.761207812662595629e+00
5.229373090913166600e+00
4.601837740353775352e+00
4.683727016099926921e+00
4.872065460962376804e+00
4.915315828410331100e+00
4.875399386907488974e+00
4.501589347345452907e+00
5.101103641817644530e+00
5.323160829711462760e+00
4.661152836578683178e+00
4.583872591886958503e+00
5.098208098550425227e+00
5.051568928934500491e+00
5.130996570711197968e+00
5.372295693914142412e+00
4.527738027793550835e+00
4.866985206420213927e+00
5.125511439025115301e+00
4.838216339797018151e+00
4.879495692355556358e+00
4.891713099024109113e+00
4.506510870929974821e+00
5.333004892912370565e+00
4.633666796733004745e+00
4.515956204809014274e+00
4.951466863582042244e+00
4.886243531406130991e+00
4.580406472647777782e+00
6.068633830052397649e+00
4.756104282836656871e+00
4.669900838748844762e+00
4.563586739029421580e+00
4.864940669985058364e+00
4.603682808431615925e+00
4.591801712887678910e+00
5.048671076406106906e+00
4.541947870929953446e+00
5.032530637543758623e+00
4.543699260374018500e+00
4.758120262957439728e+00
4.578616332777228237e+00
5.712110184178041727e+00
4.650277195516347106e+00
4.736973447918740199e+00
4.634019815090305805e+00
4.872628852867292970e+00
5.382001178630316574e+00
4.823724448532549225e+00
5.065723701999068851e+00
4.730282032303454898e+00
4.680826904773757846e+00
4.561946033032119985e+00
5.584378311234630132e+00
4.746871425885424323e+00
5.264252924368433284e+00
4.938668558026754418e+00
4.995395660083956635e+00
4.804342439554081245e+00
4.711185430688692222e+00
4.816824465286812185e+00
5.095543046640806928e+00
5.353275409577764599e+00
4.833549577458679636e+00
4.861941715809972919e+00
5.054370599751886850e+00
5.523522816016493309e+00
4.974935762951480100e+00
5.219851023782288379e+00
4.765165909912763453e+00
4.613442449905955201e+00
5.023298715244423285e+00
4.656068912117796721e+00
5.289871528756345143e+00
4.549413019652427614e+00
4.818544676967740692e+00
4.788742617901871945e+00
5.242307532321150987e+00
5.577168953436251186e+00
5.495987676357780849e+00
4.534449380264515383e+00
5.801637164247493317e+00
4.985013226942058395e+00
4.660827698578742684e+00
4.745832586055468205e+00
5.296183317872624308e+00
5.364114039554702451e+00
4.576682458888163829e+00
4.590298098494920431e+00
4.527709607471261499e+00
4.757785874938683435e+00
4.723507374659334346e+00
4.989798396436025740e+00
4.601999070797070601e+00
5.136494253193029103e+00
4.903338981280509934e+00
4.569790136961411342e+00
5.314891361025280148e+00
5.218754763760042437e+00
5.080181723686417961e+00
4.821473397081032175e+00
4.930152745856019258e+00
4.625234277449427722e+00
5.087242133191341331e+00
5.011767321654685858e+00
5.139228558883291775e+00
5.432776838770980277e+00
5.296562744655884281e+00
5.311485081527094643e+00
4.784019552977204270e+00
5.124860347950800588e+00
5.582280462088090367e+00
4.669957374242978076e+00
5.094045029385019241e+00
4.654789007259974021e+00
4.682786048011227997e+00
4.782320916070860406e+00
4.793026459294607022e+00
5.019075384842132337e+00
4.565825863695251563e+00
5.205279886541679168e+00
4.585723248436346822e+00
4.516030477837692736e+00
4.764500840700381268e+00
5.106748661139561385e+00
4.725786703104262187e+00
5.220274975791584282e+00
4.980422642442736247e+00
5.027854935617654064e+00
4.850677451013215347e+00
4.911410827533469359e+00
4.603375448877759624e+00
5.293525474747393211e+00
4.780908573802411077e+00
4.790599933389128928e+00
4.995661573499845964e+00
5.295507639006508782e+00
5.068001638456263613e+00
4.792422297921092422e+00
4.808206187594040948e+00
4.678131004917576163e+00
4.536624473316872574e+00
5.439240511058702765e+00
4.562592419736403393e+00
4.672912549494214751e+00
5.469294058129398728e+00
4.901283544460421027e+00
5.225230165173332608e+00
5.013017433432187531e+00
4.529095487170613943e+00
4.594444923939269287e+00
4.573924436872523813e+00
4.822662526532669247e+00
5.164890596807975243e+00
5.038124814976853827e+00
4.631298735218817519e+00
4.774362911441252244e+00
5.016395827464228852e+00
5.309114403035245289e+00
5.364313767442242309e+00
4.840898882890816601e+00
4.773922225421108223e+00
4.968971595906226391e+00
4.979610345719300390e+00
5.607806740123280953e+00
4.835716106174205109e+00
4.867462063525446858e+00
4.805787391098435002e+00
5.036880237497111779e+00
4.716672895096079010e+00
4.522355454003333719e+00
4.882858959729567516e+00
4.680090476606256544e+00
5.072756903174270526e+00
4.608482434188168497e+00
5.211225892899191692e+00
5.088631848830359239e+00
4.745514982597693887e+00
4.608793635857514559e+00
5.229036749414552432e+00
4.721128170784743894e+00
4.565453284489141339e+00
4.843650521654272900e+00
4.525277396196235813e+00
4.601456407263110115e+00
4.583357912272123968e+00
4.836427065740021014e+00
4.711864409977366996e+00
5.045441692032816228e+00
4.567999069213052543e+00
4.696487424225748164e+00
4.691781643702336524e+00
5.071895104841547486e+00
5.276914045720459967e+00
4.831535372466947642e+00
4.887514226106960180e+00
5.136381110704435038e+00
5.259444473915445784e+00
5.092180744429818162e+00
4.665262469016723479e+00
4.545790097260577589e+00
4.633752312577312793e+00
4.938548791169720786e+00
4.876780363689439568e+00
4.843426596867512757e+00
4.545924379141133898e+00
4.770048250192596484e+00
4.516414614673315064e+00
4.970592754393124757e+00
4.656599360755895312e+00
5.025835751464616585e+00
4.863070613882681137e+00
4.533974640465142869e+00
4.587686714160286172e+00
5.352424755501556497e+00
5.268659704892855622e+00
5.163897474334557813e+00
4.895582855353101337e+00
4.733981739542378442e+00
5.520574323035836173e+00
5.346227640609415133e+00
4.510671099235352699e+00
4.576160424025250251e+00
4.871938609447250990e+00
5.008162425120206152e+00
4.810073176496962866e+00
4.615102034946320764e+00
4.776897286154411226e+00
4.630146195439818868e+00
5.146806424045979433e+00
4.871256015586455490e+00
4.768586976607180894e+00
4.589247751358024985e+00
4.848692500889026924e+00
4.891514863144264424e+00
4.970314261460983651e+00
5.024210176683919116e+00
4.526223676980968058e+00
4.746365399405364727e+00
4.742298439885587413e+00
4.607666095680738927e+00
4.707745791292254900e+00
4.527673391502666789e+00
4.808028603702006798e+00
4.848198031743482517e+00
4.828798569309290301e+00
4.589450194848375908e+00
4.566536919645390213e+00
5.086450348978905467e+00
5.073811221641717495e+00
4.690612951234061079e+00
4.997257664961989754e+00
5.446022393311287679e+00
5.200898126747052430e+00
4.689571664432392595e+00
4.583881603164724261e+00
4.532124391044682454e+00
4.840183850311288616e+00
4.804545824999835624e+00
5.076559372322394736e+00
5.098064702586576402e+00
4.543909051694369872e+00
5.594696084547662096e+00
4.664546201320969310e+00
4.743754493910349090e+00
4.899998126220223682e+00
4.523999286097219574e+00
5.032235037570959690e+00
4.621632478505851793e+00
5.366766628081985679e+00
4.657170795744848490e+00
4.771817748570079232e+00
4.642479941758902662e+00
4.963524658635901865e+00
4.746015594030959406e+00
4.652198892902659644e+00
5.209192047922697633e+00
5.021384937386994984e+00
4.815262367454011816e+00
4.683201350140741681e+00
5.261603554239334457e+00
4.776242444359755979e+00
4.810497230580963901e+00
4.621498977006991637e+00
5.192455682504621528e+00
4.877628389320948443e+00
4.974026715165876134e+00
4.775828941934288530e+00
4.512144168181199788e+00
4.693005729315261831e+00
4.512955806557153338e+00
4.518759329960150062e+00
5.717745832575987563e+00
4.559513924744641677e+00
4.799627304832182695e+00
5.200388933897039934e+00
4.777825388534745699e+00
4.658497299929168278e+00
4.772321976230820439e+00
5.176413142943391499e+00
4.528146386020039493e+00
4.828467919286315357e+00
4.622475720735134352e+00
4.537804189186767978e+00
5.120716922880307997e+00
4.509076069848346968e+00
4.773017372929598601e+00
4.873969275951278490e+00
4.609200769024630162e+00
5.321112591344919096e+00
4.768462499164384027e+00
4.615125841983299004e+00
4.930879250588338536e+00
4.957157540454322664e+00
4.754088960310945744e+00
4.519724987405407290e+00
4.978711265907772798e+00
4.651274642112003477e+00
4.594511743407626803e+00
5.171823042174372276e+00
4.840589217828563662e+00
4.797330389606195844e+00
5.081095656553805462e+00
4.814529226189085520e+00
4.931479372303251729e+00
4.766698056303199316e+00
5.293577100101654054e+00
4.890813035302184808e+00
5.328575507167896852e+00
5.319602842175632951e+00
5.085710906392501229e+00
4.876085099881466434e+00
4.971402743084672338e+00
4.641018497415718258e+00
5.372822544471580031e+00
5.237404169234803675e+00
5.122874289426169625e+00
4.515970578344252750e+00
4.623135247406070292e+00
5.365918509088847266e+00
5.153892752956323875e+00
5.213048442906195845e+00
4.765491543437990529e+00
4.663528172272214611e+00
5.300668758779782941e+00
4.742945340310500413e+00
4.691898155890259936e+00
4.693242380295325589e+00
5.282532622971876535e+00
4.611799111588865685e+00
5.190884467275352243e+00
4.819800319343467088e+00
4.666684171416195070e+00
4.906891947468781545e+00
4.678555630885587568e+00
4.849052667686772899e+00
4.933151357471423637e+00
4.905839215216090565e+00
5.164629204387612305e+00
4.937813173058168914e+00
4.640076256573505198e+00
4.689217906322277862e+00
4.763767391716815069e+00
5.099519651399635478e+00
5.332738682740621350e+00
4.515375797021451199e+00
5.858645980543403908e+00
4.830557960419164409e+00
4.582937080731945834e+00
4.890707619516708959e+00
4.805298316156740412e+00
4.530927404057365493e+00
4.901153228732860079e+00
5.411086180460192629e+00
4.816013387141225621e+00
4.645666058590594005e+00
4.988004978647252230e+00
4.670984307358166276e+00
5.361720088983609855e+00
4.819398967770756492e+00
5.119364990316848107e+00
4.530811886230995178e+00
5.054406177493500962e+00
4.593268363064749948e+00
4.638173131036231744e+00
5.240340480162597459e+00
4.577973462878392574e+00
4.689095117835533344e+00
4.740798141886777728e+00
5.347726729663637713e+00
4.590026881272422088e+00
4.936131397330394854e+00
4.628556050554375467e+00
4.685128470618106000e+00
4.795186981452062902e+00
4.875399673374730014e+00
4.610799305950295413e+00
4.916825175991716534e+00
4.927315360468611516e+00
4.768357332491386380e+00
4.627139605213748119e+00
4.715772098466866069e+00
4.561590728855760446e+00
5.068949994236245260e+00
4.509160546822794657e+00
4.714303558585431375e+00
5.388222839342697412e+00
4.618613505043921208e+00
4.855984109681898531e+00
4.594077587258861506e+00
5.478993256963157421e+00
5.171270682320535883e+00
4.701210291042999145e+00
5.077544304571655509e+00
4.892334421471956851e+00
4.640736443807588429e+00
4.584616830222552508e+00
4.658821832005518360e+00
4.947292095728097472e+00
5.501277646451488756e+00
5.109130633076603090e+00
5.330934285818381468e+00
4.622845433463271370e+00
5.360060025863202959e+00
4.553166581171843141e+00
5.456245995394062298e+00
4.588960928096839531e+00
4.734919461013567421e+00
4.723798150547001029e+00
4.712975892452189619e+00
5.059213654367005653e+00
5.201648963988185770e+00
4.895000982479333906e+00
4.874443802737398634e+00
4.666792953999913784e+00
5.330595918931304134e+00
4.890142907420159446e+00
4.770369314583784437e+00
4.885673968423573932e+00
4.565652963986710056e+00
4.570059667257471148e+00
5.397308607644720979e+00
4.638718703815206901e+00
4.672749770812755443e+00
4.883772320459243588e+00
4.826979647310819743e+00
4.882503677056479141e+00
4.737651609551532417e+00
4.765957596461984025e+00
4.606580666763525400e+00
4.834901891380180672e+00
4.778853935731724789e+00
5.440704681955851107e+00
4.581694115291885083e+00
4.935037362122404403e+00
5.563176057842961875e+00
4.561543487068633773e+00
5.041417720921526957e+00
5.248325746116178081e+00
4.714607327855041774e+00
4.894051404515909809e+00
4.556286012109249661e+00
4.717926524652981790e+00
4.658549455293201191e+00
5.002775118412214006e+00
4.534925519632976076e+00
4.824165410852653046e+00
4.880921126164827761e+00
5.410044769760138372e+00
5.378617358319756292e+00
4.504131639248136310e+00
4.904105640210030259e+00
4.762047987099037982e+00
4.866347990306501892e+00
4.966906911829655158e+00
4.675476728187573094e+00
5.088933979639739036e+00
5.376854182854623687e+00
5.296380263446168080e+00
5.081712440054040769e+00
4.856744339669840649e+00
4.825685156252744079e+00
5.069142658425972670e+00
5.103710718435713112e+00
4.507594999107165989e+00
4.523713974012498085e+00
4.819794448120917174e+00
5.249943645650074764e+00
4.636408659934058818e+00
4.590464544606128072e+00
5.416381753038955083e+00
5.301606447460741833e+00
4.671681278351243805e+00
5.203015348523624795e+00
5.083773097506467664e+00
5.916582530766723025e+00
4.603105798359790946e+00
5.316173571226989303e+00
4.535737546908472417e+00
4.990152736942587985e+00
4.986209448039318204e+00
5.363114978773856123e+00
4.644798556345167029e+00
4.608397829398776402e+00
4.847952279806898801e+00
5.491227863051644675e+00
4.678471832159037724e+00
5.136053583150831159e+00
4.706192096242427958e+00
4.662700123504418315e+00
5.001465355942580793e+00
5.101994272660778762e+00
4.508186608888592239e+00
4.906342100109475801e+00
4.861974716435894628e+00
4.754328476374815260e+00
5.120396443148256260e+00
4.731001429185124785e+00
4.872748018440648643e+00
4.782450006167408674e+00
4.797421590845608819e+00
4.826014512756888308e+00
4.598505482138583567e+00
5.145734474196029140e+00
4.686325912118423531e+00
4.850178645848611581e+00
4.674604959242264712e+00
5.236563769686918057e+00
5.188822422624241426e+00
5.482647029615260514e+00
4.736834554041133849e+00
5.292323935110823108e+00
5.235774783963883294e+00
4.897859232739780744e+00
4.593012246269020160e+00
5.022685578043602384e+00
5.458601524136808436e+00
5.169309227826389019e+00
4.548032505848777163e+00
4.514116364399146875e+00
4.806887448944808128e+00
5.355743433262815323e+00
5.042821231363356027e+00
6.212584545371655054e+00
4.945712323792423426e+00
5.282101255178037746e+00
5.158296687097140953e+00
4.868279077692270640e+00
4.556803426433739368e+00
4.582358358531646303e+00
5.163485786203962036e+00
4.740422890717618465e+00
4.923173646113213842e+00
4.687077922632709281e+00
5.302552349736842530e+00
5.363957040038360269e+00
5.505645828024494648e+00
5.401579507677277014e+00
4.889497231994743842e+00
4.922491704958191328e+00
5.538766962070551081e+00
4.742719192468247691e+00
4.949021133339267742e+00
4.791211555703554836e+00
4.723220839968115037e+00
5.404156691504311993e+00
4.894291445284860487e+00
4.810276412482711095e+00
4.533946285307830060e+00
4.598063178074646373e+00
4.870035805685360764e+00
5.891626585525416182e+00
4.805980514977882478e+00
4.943751272214971237e+00
5.222767674810709693e+00
5.370730244500778738e+00
4.738143498178099655e+00
4.603246257501960592e+00
5.593811855441265024e+00
4.859200309528349138e+00
5.289751479824856162e+00
4.691652372812544769e+00
4.555676396247815951e+00
5.274050776195180923e+00
4.774185912865120507e+00
4.791849804518723666e+00
5.699260226378513039e+00
4.768579843842691623e+00
4.897751988121617828e+00
5.060005753826184893e+00
4.643049979162796603e+00
4.672361863213557953e+00
5.061809593228122850e+00
5.151089481443519524e+00
4.627059554697256161e+00
4.698572263296195928e+00
4.505465371503681205e+00
4.751355633117658073e+00
5.325141483614771687e+00
4.763164574248287764e+00
5.086264071313051360e+00
4.535993061656220959e+00
4.910097236258494924e+00
5.497898212966505938e+00
5.708884791027703187e+00
4.901827614171834213e+00
4.508973550503023731e+00
5.202360334616911608e+00
5.056993440975183773e+00
4.515469105039681352e+00
5.083341867898977462e+00
5.039596537176215030e+00
4.560679174442140216e+00
4.866447269726657865e+00
4.876771216513420271e+00
5.310203131509524610e+00
4.793742694476522459e+00
4.885385701880754716e+00
4.878496915185411176e+00
4.852649595818492756e+00
5.225389304631518073e+00
5.465954736202093933e+00
5.360976559281626308e+00
4.624378757407599849e+00
5.253130569303486652e+00
4.704700654292055084e+00
4.508028763407778250e+00
4.863785921915726007e+00
4.559215073778946525e+00
4.836700855402918720e+00
5.062930247144356244e+00
5.212382887190633696e+00
4.708152640146980872e+00
5.200529984268225547e+00
4.535831657507436887e+00
4.934928492712238324e+00
4.726582275641398212e+00
4.876668062028120865e+00
4.621469787295859888e+00
4.646995472942405669e+00
5.196509115179154925e+00
5.137363105600035063e+00
5.227493045118474235e+00
4.820431243293240797e+00
4.979192723681168609e+00
4.805040332055976471e+00
4.658742353156163141e+00
4.503883879126883372e+00
5.374782961296653561e+00
5.015120899854220937e+00
5.115706814947387215e+00
4.546510767341578330e+00
5.283553749431631807e+00
4.592476818439773290e+00
5.207686922567460464e+00
5.093433939540924271e+00
5.061801137632816250e+00
5.004679682565548404e+00
4.628293061114767681e+00
4.974904755784189447e+00
4.568260351234687100e+00
5.237183981385290288e+00
4.626913457345337655e+00
4.791127695044588464e+00
5.337445801131424972e+00
5.134315547711706174e+00
4.523898673629052070e+00
4.828256712111572924e+00
4.857301927355495152e+00
5.194690709936871542e+00
4.918106765617475951e+00
4.541359141912853836e+00
4.776495804705215953e+00
4.977280618863565209e+00
5.756579242606585822e+00
4.750823609197029285e+00
5.711337072326243103e+00
4.876758626609625225e+00
4.809249885678100078e+00
4.773363725336009722e+00
4.902637903495675076e+00
4.782948744987013612e+00
4.750391105528805724e+00
5.646647697733605753e+00
4.832936981507764074e+00
5.113514965956640346e+00
4.842216616760735448e+00
4.647451205080046499e+00
5.473094925310570069e+00
5.280141525084693477e+00
4.589417918616395475e+00
5.288017619446794271e+00
4.624742250194449511e+00
4.893410489789614459e+00
5.409259788523086421e+00
4.889901509371149757e+00
4.634212958130360605e+00
4.669210435720609453e+00
4.995762554498465846e+00
5.071594231609699577e+00
4.913490558521849572e+00
4.680182487037691352e+00
4.618131112503006008e+00
4.971820261727730283e+00
4.645750129260859396e+00
4.602724693850746007e+00
4.582554160176067093e+00
5.061832200343415522e+00
5.031162202263607774e+00
5.397902645455967985e+00
4.667061067271917274e+00
4.911467096885788308e+00
5.374232029523486887e+00
4.641945127652292946e+00
4.801859056240417978e+00
5.558956733688892982e+00
5.501778157064778796e+00
4.846416906018238713e+00
4.797883322131938577e+00
5.458755130340010808e+00
4.920325599353200907e+00
4.657304418103703547e+00
4.851004697374416530e+00
4.896783994296489695e+00
4.879620712036332186e+00
4.766292593828811874e+00
4.592276586022941309e+00
5.253240435803824049e+00
4.570625316414488104e+00
4.587848595505482407e+00
4.594079614700488534e+00
4.524706922739665238e+00
5.233698389261284944e+00
5.302959725908631405e+00
4.577109927303759207e+00
4.807593488057206876e+00
4.757312299292758340e+00
4.579387520203397344e+00
5.246175145831424302e+00
5.245555163095231954e+00
5.064163746943222577e+00
4.605149575782491844e+00
4.668331898581712380e+00
4.621699850195950532e+00
5.190089653317573770e+00
4.812187453692925665e+00
4.594843909578688823e+00
4.506326381422748995e+00
4.678234483897659501e+00
5.614083051877925890e+00
4.519864529327590752e+00
5.351552359473073395e+00
4.536340744050869844e+00
4.988842895040034087e+00
4.726670599949621021e+00
4.803009924889851234e+00
4.640401698347099924e+00
4.718939402782063475e+00
4.698143129320055955e+00
5.027856095859197794e+00
5.259531937837556015e+00
4.768922967280728287e+00
5.164604695445592419e+00
4.507237666033923063e+00
5.123629798591435858e+00
4.857955592916431087e+00
5.192142679779202297e+00
4.642294283238699748e+00
4.745619721543658187e+00
5.015765989790521573e+00
5.216987130823615537e+00
4.820376305889301882e+00
5.213395820841679296e+00
4.876308031591251257e+00
5.813207108697197256e+00
5.334067762721719674e+00
4.751921226454613567e+00
5.504593208415727190e+00
5.094222437750355326e+00
4.857590441495704958e+00
5.806849370988034664e+00
5.012867331004700056e+00
4.623186756798711272e+00
4.571706990965790141e+00
4.667328238922755723e+00
5.057911663607460362e+00
4.878080076627496986e+00
4.760154182557035263e+00
5.085535201624908908e+00
4.514908768469909184e+00
5.160614649173722590e+00
