1.030038968156909540e+00
1.042611884499662800e+00
1.033746075368523032e+00
1.029779083983585419e+00
1.022282250912261325e+00
1.036932093559244095e+00
1.023100447402762736e+00
1.063813890095824277e+00
1.082593265846347297e+00
1.019970543978006461e+00
1.050097283735024423e+00
1.028734552813416858e+00
1.031329405581364655e+00
1.070757984459289602e+00
1.003556284817582744e+00
1.004364869609494448e+00
1.001010971242802139e+00
1.054935996337438064e+00
1.048644285328781844e+00
1.060198034991154170e+00
1.090269982669795024e+00
1.050922146427828885e+00
1.024526642762637829e+00
1.048893704274119987e+00
1.005935098223363244e+00
1.036477118923756935e+00
1.007206054677938001e+00
1.075863774149221186e+00
1.028280380761559920e+00
1.021759064744131029e+00
1.013477785544252274e+00
1.048235944714895673e+00
1.024205888852632862e+00
1.031355869323459018e+00
1.000939524125324498e+00
1.034819650447982076e+00
1.034416854739698133e+00
1.034768449713163951e+00
1.075587475496922352e+00
1.039776632201434792e+00
1.018626187165189600e+00
1.023067655980845814e+00
1.041094290652780918e+00
1.003013955527204182e+00
1.038560997879431458e+00
1.038870178443179082e+00
1.010642793250780214e+00
1.006474111782079461e+00
1.016202953255462393e+00
1.018860702896254855e+00
1.031475847153753511e+00
1.023160388411006760e+00
1.097990980857862953e+00
1.005115869677456253e+00
1.010564814774928877e+00
1.008120463007083023e+00
1.037488058797349177e+00
1.012883192407204591e+00
1.024818813854879940e+00
1.012417182968122553e+00
1.008001072996264291e+00
1.005536073280880904e+00
1.037738658124544244e+00
1.006943476690175920e+00
1.009929618021822240e+00
1.019141352623627261e+00
1.053479920641107181e+00
1.004866774513338834e+00
1.055627874049110293e+00
1.004816265271913700e+00
1.088943163769883649e+00
1.024960823723224834e+00
1.089122727949899616e+00
1.033894906303846506e+00
1.044798261694177333e+00
1.001960064705942788e+00
1.014447645943867826e+00
1.006032280975226678e+00
1.015161537508026068e+00
1.005958013446941024e+00
1.016341706805867773e+00
1.021735941578923779e+00
1.003210640512842922e+00
1.040659490156766287e+00
1.031231447842549498e+00
1.013521920500199514e+00
1.028370305639795257e+00
1.004707609141756830e+00
1.031869159668656444e+00
1.071660095294835635e+00
1.016373547997472038e+00
1.038612246031063391e+00
1.006619618053238963e+00
1.042712355056317319e+00
1.014800388992694202e+00
1.009240596476537188e+00
1.032600124357711646e+00
1.001005427227815714e+00
1.054467321106908217e+00
1.000234762093578311e+00
1.039449756974342831e+00
1.013766664305540743e+00
1.044419329091404114e+00
1.081981670809591067e+00
1.012644430434588294e+00
1.031883640691360737e+00
1.032986976578803340e+00
1.031616078418602367e+00
1.011302061091319260e+00
1.078459144846602769e+00
1.023666192065348701e+00
1.056763095126735497e+00
1.041251230575075848e+00
1.015231223323614484e+00
1.052613170404674614e+00
1.020713896006940402e+00
1.061977663706151986e+00
1.032236282024078466e+00
1.062082855422019412e+00
1.040664474902882164e+00
1.043510156638205677e+00
1.026977759085146547e+00
1.079633921585042566e+00
1.036786554474130373e+00
1.022293944165732160e+00
1.034005839698582507e+00
1.000959698581221025e+00
1.015453897428161056e+00
1.038039651676107233e+00
1.014836347560390539e+00
1.034847404552686534e+00
1.022581470575207430e+00
1.006806024634596897e+00
1.015276677558845764e+00
1.031460050596172406e+00
1.032904915807603352e+00
1.031757946941000093e+00
1.037495233902751668e+00
1.037410170834561773e+00
1.022737006630447532e+00
1.064680812361559870e+00
1.019076160644149631e+00
1.022998786120399961e+00
1.063840741230078546e+00
1.051723294992507052e+00
1.041628261162538704e+00
1.005024245478385314e+00
1.069341584800818978e+00
1.042528375489262915e+00
1.115608951637394597e+00
1.007515993236621776e+00
1.059907000658137699e+00
1.008180871742575979e+00
1.034668298104598483e+00
1.006215577744902667e+00
1.056982843861466126e+00
1.051853336985052678e+00
1.031401217884053478e+00
1.021326793745215511e+00
1.003462476515736723e+00
1.041077139218266501e+00
1.024049501252507044e+00
1.043222317334938198e+00
1.059640726017108125e+00
1.088395941877117856e+00
1.058079202054267087e+00
1.000585692546019256e+00
1.018652389883906828e+00
1.043940545752747973e+00
1.008647905866392858e+00
1.028228298040892996e+00
1.002718840320507843e+00
1.010105754860619598e+00
1.000926120927963847e+00
1.050314098480978897e+00
1.011345934903762123e+00
1.017840916323862199e+00
1.071359834677347855e+00
1.041673469940155083e+00
1.001592278313113926e+00
1.008293285149731933e+00
1.035101153438353849e+00
1.031957282190629543e+00
1.012074890526993842e+00
1.072918732754615467e+00
1.034552447077586868e+00
1.029172318917652262e+00
1.032837444467878729e+00
1.043952564886010403e+00
1.016014084370559178e+00
1.020812025396651723e+00
1.010614886103762267e+00
1.009394797813152111e+00
1.075774405759245544e+00
1.044825157579672315e+00
1.026299635390192533e+00
1.011527702317826849e+00
1.012939280446440771e+00
1.002903845191654764e+00
1.022913412277206113e+00
1.016006007372823872e+00
1.040985310755607740e+00
1.019648960702250973e+00
1.009056468676823304e+00
1.001234063498018134e+00
1.003366263752593524e+00
1.039578128671679202e+00
1.024058736505299549e+00
1.029234087474298009e+00
1.064703868770729311e+00
1.100096781724716255e+00
1.010980614818922652e+00
1.038268532824944801e+00
1.013412543771803787e+00
1.001032607198684810e+00
1.046634621561557843e+00
1.016452313125859819e+00
1.019971811180605537e+00
1.032726022332913329e+00
1.054734938550602852e+00
1.035655876082488991e+00
1.060610597583301784e+00
1.013954290421480442e+00
1.050797406155054015e+00
1.009366169796471979e+00
1.078473747306557762e+00
1.040243972302466569e+00
1.010908503930018076e+00
1.076696005464224282e+00
1.044019722115263171e+00
1.012917427516893953e+00
1.010794610031580554e+00
1.028046710718837131e+00
1.001283284609036484e+00
1.010492005737323007e+00
1.022342455663752148e+00
1.019447163206853579e+00
1.024653236858829475e+00
1.014171638786804275e+00
1.032619043165468264e+00
1.059259512826481675e+00
1.005897563458675981e+00
1.027994209719286678e+00
1.006633316178984883e+00
1.042759465221334558e+00
1.020688399682353920e+00
1.031151479083190159e+00
1.009245139624744825e+00
1.007282009535062972e+00
1.026150714663114805e+00
1.018409411545861509e+00
1.074621234833166294e+00
1.047326881936542664e+00
1.045689277951060037e+00
1.066043615611622197e+00
1.004178476710196444e+00
1.030263412920757293e+00
1.032458376141925482e+00
1.081878953455700731e+00
1.014947264234015600e+00
1.012228612752261059e+00
1.005027624608515247e+00
1.000821493513798233e+00
1.071718174235389398e+00
1.038812392193593892e+00
1.049385350172613363e+00
1.014390191964692933e+00
1.032592962751766263e+00
1.003200998619544038e+00
1.026000540115130866e+00
1.089567389937876607e+00
1.061225155171327872e+00
1.017444560646135088e+00
1.081730730810185559e+00
1.011751309820668965e+00
1.077317419733951454e+00
1.074892372509428373e+00
1.050927096187214582e+00
1.035765065094359061e+00
1.060869888534772709e+00
1.014994065388326039e+00
1.057112140834090885e+00
1.034837267836539398e+00
1.000661836257139115e+00
1.017944903226622344e+00
1.007449470844822059e+00
1.092448334052679160e+00
1.025553958339982197e+00
1.026731412324421999e+00
1.036443146439675944e+00
1.019133472615473046e+00
1.006878381924731336e+00
1.053617664215806382e+00
1.009582747651726287e+00
1.027608442062392768e+00
1.011366357539379868e+00
1.004904211073597953e+00
1.059011357370931439e+00
1.086958902844254338e+00
1.081436397579764730e+00
1.066604158616645259e+00
1.048216672197636479e+00
1.017169286901046243e+00
1.004061813610064524e+00
1.021330129306051271e+00
1.011779111065131742e+00
1.006654582778438556e+00
1.002673198971775204e+00
1.043540892439731138e+00
1.000571360566471002e+00
1.047860188327822240e+00
1.007388727475790002e+00
1.003982452424260874e+00
1.004489309333044478e+00
1.038983365538996617e+00
1.012466594648389728e+00
1.022100579921938257e+00
1.030609106462397895e+00
1.058768945818488572e+00
1.043672219320825434e+00
1.013783637224548340e+00
1.006603649113067656e+00
1.002770776177138501e+00
1.015455180534437618e+00
1.013348871016070074e+00
1.024205302505684756e+00
1.039896577633422581e+00
1.040924673978601778e+00
1.014485643744875265e+00
1.019771748246668830e+00
1.009135854917782238e+00
1.049750889620862271e+00
1.002844641632127720e+00
1.041040600425063190e+00
1.048700748330873678e+00
1.048565913007284189e+00
1.013206465933595535e+00
1.019427086317110653e+00
1.032675916980947406e+00
1.013916033244899761e+00
1.019260717868179178e+00
1.009953952778052333e+00
1.024428759515528808e+00
1.002231648127924091e+00
1.050993880020803628e+00
1.003853560900314967e+00
1.028087284442051219e+00
1.015736316573703890e+00
1.031978912897137945e+00
1.080887519994714552e+00
1.036907301893970734e+00
1.001768599491475342e+00
1.022677328442523681e+00
1.027525888035757173e+00
1.029207860422716392e+00
1.039741580057399251e+00
1.014169902861894901e+00
1.006470782048660695e+00
1.020495235319611060e+00
1.079751099229509403e+00
1.009443007697600869e+00
1.066095296724362207e+00
1.029708073628672782e+00
1.024251603123538468e+00
1.062133936246549837e+00
1.024353378064515097e+00
1.043412120840984114e+00
1.020858078269255564e+00
1.066107134053274841e+00
1.040454922690638995e+00
1.041263381876207816e+00
1.016872363248339628e+00
1.046477140400508432e+00
1.036185596783787410e+00
1.012186262680495163e+00
1.008081132026993343e+00
1.050612578962031085e+00
1.080784749059592098e+00
1.024325393152686559e+00
1.032912728975891481e+00
1.058355942039420849e+00
1.024270354231878066e+00
1.078161970985311413e+00
1.031855747324661454e+00
1.053452300363435290e+00
1.067066198100764085e+00
1.052818825967629435e+00
1.008023766492671003e+00
1.035649672420282386e+00
1.020824230591563575e+00
1.003138691027431362e+00
1.022304293278206266e+00
1.013167481112892121e+00
1.057125272579752862e+00
1.001665619886685343e+00
1.080714211102235200e+00
1.018395856523511833e+00
1.018470249030259955e+00
1.000816436389926567e+00
1.009345430359327445e+00
1.020986155534642004e+00
1.071658905925018113e+00
1.004993408505724606e+00
1.076055710175786606e+00
1.060116918455741519e+00
1.024086633768058086e+00
1.016816663971737755e+00
1.011805741486065502e+00
1.034588673698078942e+00
1.001654108866549819e+00
1.000780309291489978e+00
1.022583054980184425e+00
1.003407631616954454e+00
1.012812090878205229e+00
1.011202154874853543e+00
1.012877905102965492e+00
1.006581979553618611e+00
1.000601800359957050e+00
1.005794092065493750e+00
1.034881383352835638e+00
1.087683006266638275e+00
1.100103714270103783e+00
1.021434691901385472e+00
1.008204434097591307e+00
1.036389363009546871e+00
1.026290112157299150e+00
1.099066819381942173e+00
1.003268662829367885e+00
1.049180455076136331e+00
1.014746456198521996e+00
1.012259517591886260e+00
1.038223232780359773e+00
1.012503128379646844e+00
1.038488842886818864e+00
1.027989701243510412e+00
1.022307607148242203e+00
1.030429776952192844e+00
1.014674399407731187e+00
1.041859769736386054e+00
1.021770365632801658e+00
1.018684027686690641e+00
1.054431571260711742e+00
1.070607963941806684e+00
1.002301506800381548e+00
1.011799624412178744e+00
1.018016026812301744e+00
1.052752265590784830e+00
1.095322569334915341e+00
1.084972356325431209e+00
1.066284876371399681e+00
1.015183891406164607e+00
1.102136921966343053e+00
1.012679486552554575e+00
1.005310572945678160e+00
1.077853314989326794e+00
1.011841055400883205e+00
1.040433520312384674e+00
1.002920247623243499e+00
1.044006285123092681e+00
1.062080329528714007e+00
1.013895584896829405e+00
1.019722610190271439e+00
1.019454264890643280e+00
1.045701244808035835e+00
1.012070412436976596e+00
1.008659340823894190e+00
1.023795340010750898e+00
1.015609897042319076e+00
1.055791952484504748e+00
1.012066989483763502e+00
1.027044646762758529e+00
1.075243156880078876e+00
1.036030548377457450e+00
1.059778910012201036e+00
1.074558011719701778e+00
1.045891574386131007e+00
1.041259381996349598e+00
1.084498059394378267e+00
1.105610980584553094e+00
1.023946489509596214e+00
1.003547938434786513e+00
1.014981930723112713e+00
1.007663944933791189e+00
1.021922979757203365e+00
1.006593843587096249e+00
1.033842836173471724e+00
1.019934677009626922e+00
1.064467221498687222e+00
1.084418668041250200e+00
1.029911285634364626e+00
1.014022403835171726e+00
1.033000218983899821e+00
1.064720498108993940e+00
1.021300865992112339e+00
1.030255812201390953e+00
1.013853949806498012e+00
1.024163500769155188e+00
1.021012209949258898e+00
1.012626578641133257e+00
1.027263529657014951e+00
1.015929390760731854e+00
1.019383315540134172e+00
1.028481156601264601e+00
1.045875179588029225e+00
1.017189151702919014e+00
1.070416881962771294e+00
1.059030220514920906e+00
1.002435884056869231e+00
1.012901672930638597e+00
1.023607260679614939e+00
1.005246104327486734e+00
1.018013626405948946e+00
1.044876411440790021e+00
1.039669731488152005e+00
1.035167775837953608e+00
1.042203100211674949e+00
1.010360294221754662e+00
1.017639369939058014e+00
1.039321967193659768e+00
1.061669237362784290e+00
1.029699649026380781e+00
1.014441919167460737e+00
1.001512038797681692e+00
1.042186392692494801e+00
1.000394189620442020e+00
1.019363313118917036e+00
1.028840935354967678e+00
1.069939869248976771e+00
1.004483850946721546e+00
1.021255306143926456e+00
1.001215779509695869e+00
1.017689685588459181e+00
1.035156491327987593e+00
1.014248283832754449e+00
1.010610028405291239e+00
1.005805153929604456e+00
1.031951205000128935e+00
1.040894692839815949e+00
1.038976077596946768e+00
1.077169717337336685e+00
1.000135153430928847e+00
1.037031944754565727e+00
1.033577154040627111e+00
1.032755551552917650e+00
1.082220734603593248e+00
1.000843599260828221e+00
1.040997054895974605e+00
1.052599022365257264e+00
1.027512606991350497e+00
1.017214236122158999e+00
1.050000504074577012e+00
1.004873909302825608e+00
1.023363718558495616e+00
1.028158804220134614e+00
1.040784090643053439e+00
1.004553851705401124e+00
1.011545677323377745e+00
1.021506726216300009e+00
1.035234806738166702e+00
1.062969278596539668e+00
1.034906685393362835e+00
1.006703955431266451e+00
1.091568345078999025e+00
1.060474647249111557e+00
1.027065468343304033e+00
1.069994470611521642e+00
1.029548550699484810e+00
1.070216992684967394e+00
1.054588531075258739e+00
1.084648016789679037e+00
1.069409123080702129e+00
1.001802200162543954e+00
1.008808798797565576e+00
1.020293621087601244e+00
1.078252655870859389e+00
1.015370651213886255e+00
1.008077499956732792e+00
1.062856274020577807e+00
1.023622669431984544e+00
1.066869623972852343e+00
1.008065397844349009e+00
1.038113897829951116e+00
1.023258732445897490e+00
1.003829969751454776e+00
1.040995424520713586e+00
1.012573265560266389e+00
1.001981476004190741e+00
1.002999857864197208e+00
1.003056729403299485e+00
1.066840798194105489e+00
1.044856377776472112e+00
1.064962545414708917e+00
1.039026356168802012e+00
1.028737465658142280e+00
1.015608707760923046e+00
1.112989210891661029e+00
1.018775718505244843e+00
1.025082290088376258e+00
1.019676793728574449e+00
1.090859426716094038e+00
1.008802978838859055e+00
1.016886988382522894e+00
1.039656177309049800e+00
1.003163499828191529e+00
1.034067318779757105e+00
1.025509593696005917e+00
1.014511332141484923e+00
1.012102127913567573e+00
1.027811424037213150e+00
1.019096649784182018e+00
1.024228082189720057e+00
1.017407091990004675e+00
1.085713354363297078e+00
1.006702837950725016e+00
1.004851799113571253e+00
1.017732740969466088e+00
1.032915726506678400e+00
1.037961371776675579e+00
1.020756843887436371e+00
1.117089584707196437e+00
1.018202902129303755e+00
1.043164194583898974e+00
1.036300287624080330e+00
1.052524954245107836e+00
1.088805198550086173e+00
1.063463057945984724e+00
1.047250124557316031e+00
1.041146640123685296e+00
1.017298373095178343e+00
1.007426311023814414e+00
1.003134831945765804e+00
1.012284834370841935e+00
1.022787740518524391e+00
1.028289879075914959e+00
1.048117178919588222e+00
1.080621835949371112e+00
1.005886879984445370e+00
1.005365960213483678e+00
1.032822372431218882e+00
1.045377187801568519e+00
1.057002456080448738e+00
1.073349094294536510e+00
1.093642608559359575e+00
1.020902560427390915e+00
1.019794813855448901e+00
1.007432572686736805e+00
1.040032725050064943e+00
1.037772407232808947e+00
1.058992226661074953e+00
1.004874668333282761e+00
1.026755516066393925e+00
1.032223074364983617e+00
1.012266771204095805e+00
1.008514668443810436e+00
1.058626558493364733e+00
1.002929199185921716e+00
1.025080583288818792e+00
1.005811761260823278e+00
1.024260456631163718e+00
1.091149030650430785e+00
1.022285261155697178e+00
1.058269457868751706e+00
1.005886631511764273e+00
1.013832679991392371e+00
1.021131637688057259e+00
1.020903159209526789e+00
1.038929995672260187e+00
1.017805934467025608e+00
1.042486655459993194e+00
1.036421525756410222e+00
1.020865858418332106e+00
1.022757088527867841e+00
1.034593251221307408e+00
1.003506400154957401e+00
1.053653168147283159e+00
1.037512331387762332e+00
1.043608594116550936e+00
1.029256542639365390e+00
1.005541220597232499e+00
1.021203117200996102e+00
1.021222566054029057e+00
1.016508145440559785e+00
1.001497782849404050e+00
1.044610664015644508e+00
1.005506258096930283e+00
1.033999734589178932e+00
1.041570639609721516e+00
1.036089744597347373e+00
1.080775393403758944e+00
1.005179054430609620e+00
1.059760245459320904e+00
1.001459754481668574e+00
1.029125637813942173e+00
1.021157560521196439e+00
1.028430506010587164e+00
1.018938355921365613e+00
1.009619746440605370e+00
1.000956182725697197e+00
1.028043456776312592e+00
1.056270414075879627e+00
1.019393498222772365e+00
1.011290727918090715e+00
1.004033199754307493e+00
1.004273424272172477e+00
1.011214402258924228e+00
1.005013520660641424e+00
1.013503404922026174e+00
1.003311066405264018e+00
1.003283745501760027e+00
1.058147121288445458e+00
1.008161846207721979e+00
1.030764358873487385e+00
1.048155545115866394e+00
1.024221455944367642e+00
1.007715596423675253e+00
1.010085089015281268e+00
1.022829077094921324e+00
1.028691803670023663e+00
1.018067000299896829e+00
1.048994159940488835e+00
1.045916377050702728e+00
1.071147386426573922e+00
1.001447863000238137e+00
1.064523243413397324e+00
1.020489141820438483e+00
1.061528129243481944e+00
1.040518321743190588e+00
1.096991942259136987e+00
1.046723898273178799e+00
1.018907308043246251e+00
1.026961366445191537e+00
1.019572130098380658e+00
1.018927839986109030e+00
1.013284734262929643e+00
1.026642652027118352e+00
1.039770045821249767e+00
1.014156284804503150e+00
1.028443119652838078e+00
1.005889903086900627e+00
1.008045745428306272e+00
1.002341524110534232e+00
1.085831801792943363e+00
1.000193007584148974e+00
1.009003965011661119e+00
1.034472706626486938e+00
1.004075292853274348e+00
1.062109737980936774e+00
1.043004651355501355e+00
1.083778372278963786e+00
1.027375217529215679e+00
1.015390826027231963e+00
1.030084529317686348e+00
1.072042176671258007e+00
1.028210653026429444e+00
1.013618175190889037e+00
1.061369699513637910e+00
1.019320584756737036e+00
1.000069163685643137e+00
1.012588303828366509e+00
1.016355312852780690e+00
1.058509231860659483e+00
1.024347312719571912e+00
1.023515190135817043e+00
1.017331542780157694e+00
1.061907172000686295e+00
1.075972134011988546e+00
1.101980230987437137e+00
1.019591975870287159e+00
1.083669968612631429e+00
1.050114215111754179e+00
1.039277139900179003e+00
1.012441523227419538e+00
1.010957787473822256e+00
1.008362447619121083e+00
1.070089112178233881e+00
1.015050740551415087e+00
1.024022644365001566e+00
1.026517177240034995e+00
1.048645840092288672e+00
1.056467186987435580e+00
1.006988641434976461e+00
1.022472240539731736e+00
1.056280909246402944e+00
1.053120349875384054e+00
1.005134468077349741e+00
1.007869198873345917e+00
1.015595346090946149e+00
1.003773332666711315e+00
1.022341142817596582e+00
1.005396915636481925e+00
1.031341163603326949e+00
1.012529053310597948e+00
1.033296426736809881e+00
1.005897249428465479e+00
1.088605388762183601e+00
1.072487683509571799e+00
1.020445154133105437e+00
1.012299347438656127e+00
1.012730922737099526e+00
1.025862722800103155e+00
1.002000362300249581e+00
1.036460760909745149e+00
1.021391348543082112e+00
1.019629487091894049e+00
1.052091262875085587e+00
1.042073092037715254e+00
1.079008974879605454e+00
1.018205300133317781e+00
1.064865606522900077e+00
1.047797487912861980e+00
1.018510181470988263e+00
1.035114898599069466e+00
1.014755631927650947e+00
1.060887711089324670e+00
1.005639682464332330e+00
1.010749111426765712e+00
1.009232479886609024e+00
1.021087575039574036e+00
1.045361481054529751e+00
1.028606082049076553e+00
1.026127196229359217e+00
1.000027296727979298e+00
1.022384324361559349e+00
1.003180861198990081e+00
1.010532538238215983e+00
1.072444526995797620e+00
1.010902823342603396e+00
1.058445210309331141e+00
1.051344876731942657e+00
1.008010083842784566e+00
1.033956977378468256e+00
1.005803064088380161e+00
1.043748873729599902e+00
1.036291200525298661e+00
1.052393181682914403e+00
1.025616177964650877e+00
1.068326357386609082e+00
1.002468876715032042e+00
1.014987000689595353e+00
1.042599825958976156e+00
1.021959175364866246e+00
1.008715560968445057e+00
1.005376383448413957e+00
1.053036638207706321e+00
1.025234256671534228e+00
1.062174442760332793e+00
1.044243319935321157e+00
1.021473493886825956e+00
1.019410091866131518e+00
1.027883133398441506e+00
1.063334243222425535e+00
1.044612930332837974e+00
1.000257635658148958e+00
1.040801031294253276e+00
1.069347155276503925e+00
1.042196763988851860e+00
1.008923258894274921e+00
1.025870400695552354e+00
1.007051768595417673e+00
1.018597627304733022e+00
1.073697006779523955e+00
1.070216815229537488e+00
1.014449241080489061e+00
1.017525539812937918e+00
1.033564400057617849e+00
1.082398075313940833e+00
1.007432199183258437e+00
1.013074230628942418e+00
1.060753786948966271e+00
1.026388659946162019e+00
1.065131126185596244e+00
1.009360103856913771e+00
1.028979303779345988e+00
1.016793113417456818e+00
1.016263442230550096e+00
1.023651397945370967e+00
1.022834563772514249e+00
1.018505853761875413e+00
1.068349525969650937e+00
1.044101195294304230e+00
1.043717864832948594e+00
1.014827556063337965e+00
1.031990371640661985e+00
1.048751570044792247e+00
1.050523519205243561e+00
1.017795575007390152e+00
1.047890070206910273e+00
1.044484213076979806e+00
1.007112228901472006e+00
1.059574428599054041e+00
1.023321384028987202e+00
1.026048906688502793e+00
1.023740314274311558e+00
1.031315916264052834e+00
1.035078442846845359e+00
1.026780700236598065e+00
1.059702520856008467e+00
1.035563206482674525e+00
1.020995820779084351e+00
1.021876827296543500e+00
1.052263777855595883e+00
1.017997910643296366e+00
1.010698343832630020e+00
1.002971725647451517e+00
1.061148094574026812e+00
1.069132226836432498e+00
1.006028418591183859e+00
1.017242151054088328e+00
1.008839539383219019e+00
1.005815018678585915e+00
1.065302182588136137e+00
1.002846104382689729e+00
1.091503573191949572e+00
1.004834015607639852e+00
1.059201903791243904e+00
1.031224982295197767e+00
1.019096084266586599e+00
1.017674877533152555e+00
1.046534684641317048e+00
1.016156558489328177e+00
1.037815920978161444e+00
1.027990823144745658e+00
1.025959672818202550e+00
1.065548954231344103e+00
1.030426922382435384e+00
1.054205876501212780e+00
1.043539009138221285e+00
1.001928501885763545e+00
1.048119910441891234e+00
1.010979226859918478e+00
1.065932478150285245e+00
1.002147120754632637e+00
1.017165278553055607e+00
1.004999355239212466e+00
1.025383659800777725e+00
1.053361513370269620e+00
1.015271570416633073e+00
1.007591655953510967e+00
1.017011636468433400e+00
1.052622947665917463e+00
1.007055218624450355e+00
1.011524982927042515e+00
1.003446666993873304e+00
1.041785094407439605e+00
1.020641180002989756e+00
1.015954244564670095e+00
1.042916198938917960e+00
1.017324693467843266e+00
1.043738247000792096e+00
1.052780063852562842e+00
1.011020381372647492e+00
1.087442837946285712e+00
1.008173980263193492e+00
1.014877235651996612e+00
1.009066297804444901e+00
1.017849420201489830e+00
1.025657703027569756e+00
1.028301411004337806e+00
1.057765753380614848e+00
1.063402273844295420e+00
1.011147201960840292e+00
1.035205291146959805e+00
1.005592660856612364e+00
1.024375400795792368e+00
1.016578430519026410e+00
1.016261171507378824e+00
1.025812873911755796e+00
1.043925655968546362e+00
1.003463262579149529e+00
1.061659159839479116e+00
1.044384126054666684e+00
1.008897304657569993e+00
1.074262159931701710e+00
1.027291655635083290e+00
1.119165114928044158e+00
1.009964534882454856e+00
1.029125073634480136e+00
1.014845476021092541e+00
1.015593990225471588e+00
1.032918425703085008e+00
1.069849570119863591e+00
1.051616186675443432e+00
1.043391742655121135e+00
1.030730188586176821e+00
1.069983037646585755e+00
1.026417827047574116e+00
1.060797451323243878e+00
1.055111366595202549e+00
1.010821749930335134e+00
1.047926199165429395e+00
1.000608547458982089e+00
1.016605456967366150e+00
1.011639946596489148e+00
1.027326417543833914e+00
1.044573335229590505e+00
1.004895742385764734e+00
1.027837499263785537e+00
1.074053365072199728e+00
1.011591921565281993e+00
1.039394875900088833e+00
