5.073076297392164591e+00
4.613902851644536618e+00
4.754339777453944649e+00
4.523571147387809965e+00
4.507387138815518668e+00
5.949978927719739019e+00
4.828016150051380073e+00
4.742289342863883483e+00
4.624198079315731569e+00
5.151158920977943367e+00
5.024424870130952847e+00
4.500975203051126527e+00
5.101762365544079358e+00
4.570090328259538204e+00
5.474199163661641165e+00
4.714953071952838748e+00
4.799706714035052002e+00
4.503121340022308239e+00
5.177202330255235907e+00
4.698185236138008314e+00
4.883103516892677298e+00
5.395170207308138899e+00
4.598531896512253248e+00
5.251827178884875380e+00
4.837432869719532569e+00
5.388574202115964162e+00
5.174020882744664540e+00
4.793636799508418811e+00
4.555706892489029158e+00
4.518927968442451260e+00
5.265500409644525703e+00
4.817280261033530131e+00
4.980745755195835400e+00
5.280865047803780854e+00
4.695808646515080120e+00
5.312325410932739800e+00
4.517256823203695149e+00
4.679179733145722331e+00
5.157911280732331960e+00
5.225500320575961588e+00
5.458788752869288885e+00
4.694694283965841208e+00
5.113577399918859179e+00
5.717768578176679384e+00
4.858808084768700297e+00
4.661032329929559737e+00
4.524425722060902544e+00
5.087060032965690759e+00
4.587452287372025594e+00
4.752857032143503524e+00
4.698937642930475000e+00
4.774395179702517922e+00
5.337329884669565594e+00
4.781046807214107019e+00
5.355027542307188249e+00
5.148546571884292433e+00
4.684839508513559458e+00
4.704928410869275268e+00
4.740753802914767334e+00
4.925875049114257109e+00
4.991164813922432941e+00
5.600258999928091619e+00
5.394906630856272756e+00
4.931508355958417411e+00
4.528992095871430479e+00
4.873807528841942016e+00
4.764821280976124562e+00
4.873369374731360004e+00
4.525187456991974777e+00
5.929948262447160445e+00
4.535723735588010008e+00
4.674346323097656075e+00
4.545258760688623667e+00
4.875719171753549297e+00
4.728144826495310760e+00
4.744599966372428312e+00
5.125639808790541707e+00
5.332331811237717822e+00
4.604593015475489715e+00
4.678545915402851918e+00
4.816088381284114206e+00
4.570975740615392802e+00
4.752568996589856098e+00
4.694070322779670512e+00
5.381135080178186314e+00
4.625725216764384307e+00
5.041522328426262689e+00
4.636985575910355095e+00
4.944185126399075259e+00
4.904939891935818252e+00
4.805442506482028087e+00
5.165646382637240741e+00
4.641430882212380205e+00
4.819579288802893657e+00
5.687148529630455585e+00
4.615871126962305837e+00
4.873910987707937181e+00
4.688015253236822666e+00
4.577897925890470177e+00
5.222590558194148969e+00
4.901200393123426480e+00
4.902195899062142814e+00
4.873830001092207098e+00
4.616647788323106738e+00
4.893427430170202541e+00
4.557395372133120404e+00
4.999950800479548541e+00
4.532268383716393068e+00
4.619665529796815662e+00
4.688763365602262922e+00
4.678515377186688085e+00
5.158411873375962742e+00
4.684418411904863078e+00
4.546412809488455053e+00
4.542653512711686936e+00
4.594185085873209395e+00
4.758033153235710522e+00
4.624613130881460421e+00
4.649475364037274794e+00
4.616330700335447901e+00
4.691806972493627548e+00
4.841077242545678061e+00
5.594114481979286957e+00
5.129528757855578824e+00
4.608967795132576484e+00
5.144857960628666405e+00
5.029162860972207660e+00
5.336819446071709550e+00
4.787498543951906882e+00
5.251379276562964549e+00
5.016173332711851174e+00
4.674621142230910742e+00
4.754876974809107537e+00
5.199986489254160738e+00
5.151920617205519193e+00
4.656359586777120363e+00
5.196324249552310093e+00
5.462445771898829960e+00
5.272739299791017409e+00
4.748838322326223604e+00
4.870380633119188118e+00
5.212703894745660094e+00
5.036134114656301008e+00
5.028080068064420871e+00
4.682743078096136990e+00
4.930536253614114628e+00
4.534154987202185794e+00
4.690736298985672903e+00
4.628479040140496714e+00
4.752908284580210641e+00
5.061108232360256309e+00
4.666285013099168211e+00
4.613074902725387894e+00
5.205975610037726575e+00
5.361462645637456781e+00
4.796050166715413177e+00
4.655696267549732426e+00
4.660880277990067100e+00
4.773906644939496680e+00
5.144271425459303160e+00
4.887348842592980525e+00
4.900903980248944691e+00
5.646546212899045791e+00
4.548752852970882721e+00
4.817838778995365168e+00
4.821212166342062844e+00
4.881028467352048317e+00
4.606030296557507064e+00
4.606659694339700906e+00
4.773374315345960461e+00
4.926388713834761290e+00
4.694553175900347597e+00
4.835295752354695331e+00
5.738587091102344218e+00
4.519074437765528529e+00
4.810854894131025183e+00
4.816988905814810984e+00
5.009509852962388265e+00
4.670170406878864533e+00
5.140681872198324065e+00
4.762914819032392444e+00
4.559776276428618935e+00
4.948293346907034262e+00
4.516542467939962613e+00
5.036581702947938055e+00
4.507608096984094814e+00
4.917844577740496881e+00
5.258814363926467728e+00
5.016513169540707473e+00
4.942964075611865127e+00
4.785345681348510460e+00
4.717333273983757458e+00
4.741071419884995031e+00
4.744406862625970334e+00
4.861144861049032428e+00
4.590307412286589006e+00
5.281360856762881362e+00
4.944387089376609090e+00
4.743990166105042761e+00
5.685002591673020689e+00
5.262072560588439529e+00
4.926928876208218178e+00
4.742094895467446669e+00
4.740225917359222052e+00
4.541851058677826458e+00
4.721698207019056959e+00
4.656476894034669911e+00
4.928496387368169529e+00
5.040343335182533302e+00
4.687557333529468018e+00
4.874503902981048853e+00
5.122787647471891859e+00
4.959499409689913207e+00
5.067543715293887807e+00
4.638408704901508806e+00
4.952986534573500244e+00
4.675081956984479703e+00
4.646678419913620850e+00
4.673186295558826586e+00
4.738421103261300615e+00
4.814721111024701905e+00
4.645704483434101917e+00
4.726855738867238976e+00
5.314050940248106869e+00
4.584769249711668770e+00
4.636875527242545481e+00
4.538070257695277832e+00
5.027835150469440073e+00
4.860760287611203267e+00
4.817307410651576305e+00
4.521573204772837862e+00
5.533907968545832112e+00
5.209459494816448100e+00
5.170953900757968569e+00
5.267502653479478880e+00
5.109327928378929684e+00
4.587829127705248311e+00
5.595114941650018103e+00
5.418257495436003879e+00
5.014028635386361898e+00
4.687278926273191537e+00
4.500696284152066795e+00
4.826203825013692494e+00
4.916188192297961557e+00
5.873381065734003315e+00
4.583681165277151415e+00
4.555775199381952412e+00
4.781318888874221962e+00
5.076337534974629584e+00
4.720005134030643035e+00
4.979419610551985897e+00
5.297836961979452752e+00
5.131153958638905443e+00
4.563838784914411306e+00
4.795944684715696127e+00
4.523817369593621684e+00
4.606477747936117417e+00
5.101096225429505360e+00
4.609977071819093553e+00
4.885096048919411515e+00
4.934340612172262830e+00
4.598796403517485309e+00
5.360701176898141185e+00
4.536693506053983249e+00
5.373131078262154858e+00
4.571556705933121911e+00
5.324543001705388967e+00
4.739380212849483520e+00
5.126563886352117905e+00
4.758065896015303942e+00
5.055180476680096291e+00
5.224013955964672107e+00
4.857538778116573752e+00
4.763739905372416317e+00
4.758348736862274109e+00
4.535493415032039621e+00
4.509284907437575818e+00
5.067434911225841887e+00
4.773338603110910405e+00
4.595256452551116588e+00
5.260095451847681680e+00
4.955563677756210872e+00
4.817448532320939059e+00
4.731743726205749567e+00
4.723237841827998551e+00
4.741863436282169886e+00
5.291446917523818350e+00
4.746936500965769135e+00
4.512105960740317556e+00
4.591329040810107287e+00
4.724250431112313464e+00
4.605012731745706134e+00
5.174996016566473678e+00
6.111518775497318146e+00
4.715934257567383270e+00
4.825680366750209949e+00
4.529857997175565032e+00
4.623094528546354276e+00
4.645573108274350105e+00
4.753241881151461179e+00
5.180389737189770472e+00
4.761632590368813922e+00
5.064887090211382059e+00
4.860093299841667047e+00
4.980700287501861112e+00
4.624877886276446581e+00
4.524331293654213049e+00
4.657126074073169697e+00
4.563609331006934333e+00
5.021086139908302215e+00
4.893933522942432113e+00
5.131886447378517069e+00
4.764068964968383391e+00
4.666252586246908862e+00
5.239839102931747483e+00
4.890783169905400740e+00
4.816218622620028533e+00
5.302131141911143430e+00
4.725362725555434906e+00
4.768622928813810447e+00
4.664235596585085908e+00
4.583549291771574552e+00
4.895362981869888053e+00
5.379263540289229262e+00
4.966134338526522640e+00
4.980910451120556637e+00
5.234973442751678085e+00
5.018346504824998888e+00
4.745052521499943055e+00
5.145541509676271552e+00
4.578019278823405536e+00
5.259960042859072260e+00
4.844472295339476986e+00
4.874233478709466993e+00
5.383213025983650368e+00
4.999990078622604806e+00
4.549063457726814974e+00
4.661236777645199503e+00
5.029902309294312701e+00
4.558488074827351966e+00
4.666785543439812223e+00
4.668369996553239254e+00
5.026554067730057973e+00
4.532372702963655797e+00
4.723400424526173147e+00
4.781358891410891765e+00
4.545994233185346012e+00
4.805198796881001932e+00
4.862385708181315103e+00
5.590513314483432694e+00
5.264061868137859257e+00
5.407750959511837152e+00
4.673048357779441275e+00
4.594665908326912351e+00
4.956248036348808839e+00
4.627660542357892481e+00
4.908859276782843395e+00
4.623909040043572283e+00
4.540868425504874573e+00
4.798074418055509938e+00
4.954310521150216751e+00
4.559127675236005928e+00
4.877472523665280058e+00
4.789073324701357492e+00
4.662779453295811116e+00
4.608555323414082139e+00
4.649019072486441750e+00
5.314321879057752440e+00
4.519977156711505906e+00
4.592954902623358926e+00
4.851681041414050988e+00
4.999949814576440943e+00
4.769649677756929940e+00
4.652975360325775078e+00
4.675457198654979329e+00
4.966711716163454859e+00
5.032254496640753416e+00
5.586938608957865426e+00
5.021992650336362551e+00
4.778092396100455552e+00
4.656381660152803192e+00
4.865023682110583891e+00
5.047594540025571064e+00
4.573325194586472797e+00
4.537515023656673030e+00
4.642371036282935570e+00
4.776142811031188096e+00
4.984219086666716869e+00
4.505730043936404527e+00
4.868235811453323514e+00
4.686515531323775186e+00
4.716520836099356906e+00
4.786407431721785954e+00
4.806425240039554403e+00
4.763481377903929115e+00
4.554875459574632579e+00
4.600399151506795015e+00
4.832038812260152305e+00
4.752582310374762642e+00
5.969237051203693412e+00
5.099689645603250554e+00
4.905688910503907429e+00
4.875905320532995191e+00
4.531350872017611664e+00
4.993881770613580073e+00
4.890697828255794910e+00
4.849861873534294432e+00
5.095625173851799694e+00
5.117259458488713442e+00
4.637504484567410046e+00
4.616764415957353762e+00
4.976753290530654183e+00
4.713624722593205973e+00
4.802468508012765369e+00
4.527823718790492613e+00
4.778841360494695323e+00
5.447278826015337749e+00
5.005171064246418666e+00
5.169463402666533369e+00
4.945923182973567478e+00
4.907657880176819809e+00
5.590759536023053755e+00
4.829196119041482049e+00
5.127198094598725220e+00
4.647110497319641098e+00
4.564069567925288951e+00
4.614626032496270014e+00
4.721548287017861334e+00
4.806922963870107424e+00
5.297722046537934659e+00
4.914261417133232612e+00
4.960174981837396579e+00
4.751438357421339020e+00
4.986674314366509542e+00
4.765164347876788220e+00
4.928060472041428497e+00
4.865982447155010604e+00
4.698007842006699519e+00
4.552486318902091433e+00
4.577135489412071045e+00
4.898807146424500658e+00
4.545880096487469046e+00
4.801172560880730522e+00
5.320159005949863129e+00
4.905504131088022746e+00
5.633935743573046828e+00
4.684505733819328555e+00
4.967210696707080153e+00
5.421787492450045320e+00
4.726467361080892715e+00
4.864158586384759175e+00
5.214817980349255144e+00
4.713990251656685615e+00
4.505610915140055184e+00
5.791853459111704794e+00
4.766612799291304547e+00
4.568819960907808841e+00
5.058525484914618175e+00
4.709688586431646229e+00
4.606361344138824698e+00
4.574527975448995143e+00
5.015622028508354369e+00
5.854766868126684898e+00
4.756404225390303608e+00
5.092191619802471259e+00
4.971422999026290590e+00
4.777394866423507302e+00
4.530684048478240022e+00
4.769004347591200954e+00
4.518343661859229421e+00
5.489756150635650478e+00
4.768974837845123993e+00
4.902551874420498557e+00
5.443110722157669557e+00
4.899771705737888894e+00
4.608844732769559194e+00
5.486979429612988568e+00
4.618884586387094870e+00
4.580652073956303916e+00
4.735564538284144476e+00
4.787605086149266498e+00
5.639833095958338482e+00
4.881096279285062067e+00
5.149186200127802593e+00
5.098872546000911221e+00
4.763802333871223205e+00
4.546847927279096702e+00
4.575314255091887716e+00
5.841815839784024078e+00
5.237793612117815023e+00
4.723910948008742672e+00
5.190596353508762917e+00
5.322105527684521498e+00
5.385367121706577720e+00
5.267479279488181731e+00
4.617776144260549387e+00
5.131575451123328691e+00
4.534892464761199449e+00
5.150186799808657234e+00
4.900534845207396017e+00
5.057251165576833962e+00
4.877462121815387519e+00
4.918599244235421608e+00
4.523208036431329404e+00
4.519717095580063848e+00
5.158454102130647811e+00
4.686637599771573903e+00
5.151191133556008772e+00
5.021988666539348500e+00
4.890287640229804111e+00
4.565965375444062779e+00
4.541433310117656497e+00
4.750750545049700513e+00
5.391003455226723418e+00
4.643745308839894115e+00
4.778330365201946428e+00
4.959292955321732421e+00
4.834654692971708023e+00
4.515729150917865198e+00
5.013188945484460035e+00
5.370760414427440566e+00
4.920537694295939346e+00
4.903568708644921337e+00
5.194715451938825446e+00
5.190690904064937605e+00
4.618121913861367389e+00
4.778373095413748217e+00
5.169255037977997347e+00
5.057131898742257547e+00
5.209992641847920325e+00
4.581475705843181423e+00
4.791025047166165507e+00
5.027914022831880381e+00
5.051716991728772754e+00
4.545057970000965675e+00
5.031193929183984892e+00
4.944715453389775917e+00
4.726126367716937615e+00
4.695436304877163458e+00
4.518182920990098772e+00
4.756457925235387130e+00
4.697390246520496859e+00
4.785132018504208773e+00
5.027686918642682024e+00
4.591678385807839824e+00
4.821643748105400640e+00
5.130725072031815159e+00
4.658419737603184174e+00
5.244826279801992897e+00
5.415701090535854689e+00
4.570949115955754927e+00
4.572760519663644274e+00
4.962661417914939754e+00
4.850895099950180978e+00
5.331225386189229809e+00
5.143566270896138271e+00
4.838735283733767822e+00
4.543098704020852807e+00
4.562117303788692624e+00
4.797750231915535402e+00
4.695749531582150027e+00
5.452152127389473968e+00
4.982890100499218988e+00
4.672915703283783806e+00
4.731725327001274906e+00
4.550709861764988595e+00
4.659114026006241360e+00
4.705393586461491751e+00
4.959541982756874745e+00
4.608988991932021051e+00
4.994343504713436133e+00
4.573995010108476755e+00
5.308510172620627188e+00
4.944909165056756706e+00
4.901022109549504790e+00
4.618453905460300213e+00
5.064225678060573443e+00
4.650150324577505323e+00
5.137998217918424260e+00
5.111876508648873774e+00
5.438185888619545771e+00
5.116860657525705847e+00
4.737312127717371091e+00
4.845673299951845259e+00
4.945311963211967310e+00
4.670912938071075438e+00
5.140849320694255375e+00
4.712455224191068659e+00
4.581915668327152247e+00
4.537334186738838149e+00
4.977091894438243180e+00
4.669049469000127850e+00
5.222559787370951945e+00
5.103323456845141770e+00
4.572448592819709390e+00
4.882124583269019880e+00
5.568327245949490134e+00
5.184868403133076065e+00
5.261496541880128497e+00
4.667753078851551329e+00
5.046354495584783884e+00
4.719874888639341570e+00
5.183002590355182626e+00
4.564506233811804314e+00
5.002511368424178428e+00
4.962375272970330542e+00
4.666799709666323182e+00
4.950264758528258646e+00
5.350031587621288054e+00
4.934511847916753347e+00
4.616374067169399353e+00
4.696826269273226551e+00
4.727964130607351656e+00
4.700221233023120782e+00
5.001778159144381952e+00
5.479993885642818974e+00
4.840327484127583624e+00
5.127136288589705160e+00
5.457020460127014694e+00
4.743995945757091270e+00
4.529017153050928002e+00
5.079202995578255830e+00
5.057314227457217370e+00
4.694856743540592348e+00
4.671984156563235402e+00
5.021798541844754382e+00
4.598648665536132718e+00
5.208382279524010450e+00
5.239068763574793230e+00
4.891479174584153711e+00
4.638881031396191901e+00
5.475752744127150962e+00
4.649645237561204958e+00
4.698749882608688644e+00
4.792782443261683234e+00
4.853738539693963183e+00
4.803024151934348396e+00
4.500129685730587248e+00
5.242010140411861308e+00
4.514878170235246735e+00
5.280657618767067518e+00
5.174740911445983471e+00
5.428536066997374121e+00
4.702119790738645833e+00
4.613584070246481872e+00
4.534045324713339653e+00
5.005248429979065605e+00
4.598746889977507024e+00
4.605960597264402878e+00
4.646444446957956664e+00
4.678306902603291739e+00
4.635491949536337586e+00
4.927471445125142679e+00
4.846042415891427702e+00
4.967960942314215700e+00
4.959637467664879118e+00
5.228993286869766166e+00
4.523023151001810405e+00
4.884167370540962949e+00
4.752144426054630166e+00
5.125773009705372196e+00
4.645242482201707546e+00
4.928858925054206530e+00
4.672292372444128539e+00
4.649245256930337966e+00
4.711590632399468070e+00
4.539882439155921823e+00
5.070807877691740906e+00
5.280148018394810627e+00
4.510644642963267614e+00
4.969668658519727167e+00
4.888550370299648229e+00
5.335792715073590209e+00
5.002767013477545710e+00
4.775659493517935061e+00
4.901647752010118708e+00
4.580060654443178336e+00
4.602322253434203425e+00
4.642161374743576374e+00
4.824058015734642879e+00
4.670451976182823373e+00
4.563174537407727271e+00
4.851952807961406933e+00
5.015895294420977812e+00
4.560582139002974600e+00
5.050327107033725227e+00
4.514834000435368644e+00
5.017082132839515651e+00
5.493534526575803767e+00
4.803965574499593494e+00
4.541337953542068817e+00
4.681022808941530222e+00
4.592973587673206737e+00
4.837982059417273106e+00
4.614289239687834332e+00
5.954826523935683902e+00
4.776375302639857878e+00
4.753140917524205200e+00
4.540252315376928749e+00
4.919553042436317192e+00
4.578213359713088515e+00
4.667080193081223349e+00
4.692079400732119154e+00
4.561640864760023284e+00
5.186124138381130066e+00
4.569486813463210062e+00
4.823992255153739528e+00
4.685298699032233394e+00
4.650473156136825992e+00
4.641808343859198160e+00
4.986920367260909259e+00
5.132038355178031530e+00
4.768631006059117716e+00
4.705227848198484608e+00
5.052725299908139789e+00
4.672006992535570724e+00
5.257960635400354299e+00
4.688534408598038716e+00
4.532139900619919892e+00
4.814264561873661918e+00
4.692596355856715640e+00
4.810920641774810491e+00
4.687289527447779491e+00
5.742085129698580204e+00
5.617145457403639242e+00
4.936681919582193601e+00
5.338762454632488108e+00
4.701421290425684241e+00
5.123896180709914816e+00
5.093855271946450713e+00
4.730578836726264669e+00
5.041815692388874837e+00
4.558801282294843382e+00
4.647876437607610711e+00
4.633091524547348072e+00
4.944290168940435493e+00
4.627814173796179098e+00
4.681608493007009208e+00
4.674132877377218165e+00
5.452998827260815418e+00
5.471565774073132715e+00
5.188756976256352793e+00
4.800021155419317509e+00
4.829470206931131493e+00
4.744089749798684252e+00
4.807033947396987195e+00
4.589144415030848911e+00
4.673217691674240726e+00
4.617055572664698460e+00
5.279294169818674831e+00
5.007582862441961602e+00
4.583947907751554141e+00
4.784327356822632993e+00
4.710087660409370436e+00
4.509364617538481390e+00
5.062519525872843040e+00
4.791576591911708149e+00
4.735010323834697665e+00
4.615156282018851641e+00
4.828088121021295365e+00
4.673653304698446753e+00
4.843388190962069295e+00
4.659579035465245767e+00
4.687705560410534211e+00
4.780471084661308545e+00
4.930635740887352902e+00
5.206872005630748035e+00
4.678330666778357738e+00
4.711273536668653783e+00
4.962154863130919580e+00
5.898603995022197566e+00
4.646688514319617269e+00
4.640163643851351161e+00
5.170848007908438682e+00
5.138035555590609427e+00
4.712396082780223594e+00
4.509243762858922366e+00
4.783670922964525118e+00
4.872297706147900698e+00
5.087686439075209677e+00
4.978019092791379663e+00
4.989203065752818134e+00
5.145621584978455232e+00
5.106502225631576408e+00
4.816490473564266850e+00
4.565871594619382634e+00
5.161757111674605270e+00
4.922396879311017770e+00
4.520694035205522709e+00
5.124713497192323608e+00
4.757423046362329266e+00
4.702221419473363362e+00
4.849180350744694223e+00
4.988630790131892923e+00
5.389762828939780093e+00
4.516307111897831739e+00
4.695817125537587344e+00
4.525355946842941179e+00
5.207840950643303657e+00
5.022025071634746318e+00
4.672942074392802070e+00
5.099386994491541536e+00
4.951411176717858353e+00
4.977211602051215600e+00
5.075696871560829493e+00
4.601571852021732134e+00
4.921221362931907706e+00
4.851258287506510669e+00
4.720286964891419856e+00
5.052250141985165754e+00
4.787153635068769120e+00
4.814054973269090709e+00
4.632658324786017801e+00
5.061961159671292343e+00
4.506643038011730162e+00
4.835070937252456957e+00
4.867487156846257434e+00
4.670957093861261455e+00
4.606404053472612503e+00
4.725465865424076206e+00
4.566538828213340118e+00
5.041490313064228346e+00
4.904194343549626467e+00
4.526186785524783929e+00
5.496917003685367398e+00
5.102455280853154029e+00
5.616035920125145076e+00
4.960328241737380850e+00
5.448279071750816271e+00
5.145294715852851475e+00
4.698521612701385131e+00
5.080241630207003034e+00
4.576503038442340632e+00
4.842257006594318014e+00
5.344477945683234310e+00
4.856876750611821336e+00
5.466289544046891713e+00
4.749180955979822372e+00
4.856499460685238745e+00
4.894164289253936317e+00
5.529457841424988196e+00
5.026524552551016711e+00
4.916198515625992194e+00
4.541223718269284504e+00
4.641652420316429328e+00
4.577617465394938634e+00
4.846076168843689302e+00
5.802591460945979662e+00
5.198446756429507154e+00
4.828512462730549792e+00
4.848656748433942454e+00
4.525898160589831853e+00
5.194700513839630496e+00
4.749223519280922012e+00
4.517331610413473086e+00
5.388088070423139087e+00
4.791329236999825270e+00
4.991681931875650235e+00
4.869462391600548834e+00
5.126307412208671366e+00
5.539481489225505761e+00
4.939838397716206586e+00
4.573532397548611961e+00
4.910384411973256924e+00
4.519875116000354076e+00
4.723303493431492583e+00
4.546431748395180605e+00
4.683050576482005845e+00
5.319361028695857030e+00
4.634354885845225702e+00
5.116614946968496724e+00
4.759609110396292309e+00
4.740305252275493153e+00
5.210002722243310735e+00
4.771350680217667062e+00
5.687036400183249185e+00
4.625928830854384444e+00
5.276318556159960593e+00
4.673286025247747943e+00
4.882152680012009860e+00
4.575375264860737978e+00
4.529390099066942454e+00
4.742812805478949123e+00
4.613311775149345983e+00
4.828021279002080668e+00
4.654706117274957755e+00
4.524370132218100693e+00
5.038246616937855471e+00
4.715684759454989106e+00
4.608827447706889124e+00
5.471457312192520739e+00
4.828297912281587223e+00
4.888599388358834119e+00
5.538636054871576064e+00
4.574314999871461396e+00
4.615232376934891079e+00
5.029285481016381176e+00
4.886762475063668454e+00
4.773245747896863733e+00
4.570515807463131353e+00
4.906655374741683673e+00
4.792494863826577856e+00
4.988131886855552644e+00
4.692944894569456515e+00
4.764006766574922835e+00
4.698082316379647239e+00
4.627276730264663129e+00
4.843576699754463810e+00
5.184720857206579048e+00
4.521583945210718269e+00
4.825829678078455309e+00
5.077734333070223371e+00
4.952046875858177266e+00
5.849032549988093521e+00
4.535899893998394994e+00
4.602061263847791572e+00
4.706013083771971139e+00
4.503902361647817543e+00
4.852722147640314176e+00
4.958287567575591304e+00
4.775769957023390688e+00
4.774751934131255204e+00
5.271725914878141239e+00
4.931535815290522429e+00
4.668247457009640833e+00
4.705989997235656475e+00
4.627207238220552910e+00
4.669004108807329523e+00
4.987220329970238453e+00
4.955556273719396110e+00
4.667017385800280138e+00
4.869202699635865272e+00
5.239073425220539093e+00
4.671485305894724327e+00
4.515603912845902457e+00
4.676616528224298186e+00
5.443066825733701819e+00
4.512855688496107298e+00
4.576468890410374968e+00
4.609740261080770729e+00
5.025029038551320326e+00
5.651192131959209775e+00
4.910460859290876279e+00
4.555572067526190594e+00
4.804893175360564150e+00
5.117366982743357440e+00
4.613186559650888974e+00
4.689855715585490969e+00
4.984619958210562807e+00
4.704755077053025758e+00
5.050218121744732613e+00
5.133923518354345461e+00
5.187360391134138382e+00
4.878764713555651333e+00
4.747071580085106213e+00
4.937533986610426417e+00
4.617809036771000741e+00
4.629629888582208253e+00
5.168388217169953336e+00
5.166210009246126944e+00
4.767147554955095679e+00
4.812025676565325760e+00
4.783843966537327574e+00
4.800668003580919496e+00
4.644743501840810751e+00
4.638544669320091351e+00
5.190594517496289306e+00
4.984126607657855423e+00
5.626800805229862590e+00
4.601090560033680887e+00
5.385518442725015120e+00
5.094521761805344440e+00
4.859269301641004901e+00
4.970457682581651326e+00
5.198567011316135300e+00
4.859312206592669270e+00
4.964761985205043970e+00
5.634815995844960845e+00
5.040492567528524148e+00
4.549256025209292176e+00
5.036584246697346501e+00
5.612181199215950045e+00
4.755557474935253381e+00
4.527228015331495214e+00
5.048462239147105457e+00
4.698848196711179703e+00
5.369387254784959929e+00
4.615405773663553646e+00
4.745567233881773817e+00
4.514839549655961903e+00
4.790457657584973994e+00
4.620215417502425481e+00
4.918219762871724576e+00
5.070567828795865317e+00
4.679122404368459165e+00
4.584199880323765797e+00
4.575322075537068045e+00
4.662445679155466927e+00
5.183574533718939392e+00
4.786288794385779255e+00
