1.004758096248458799e+00
1.003810322142080880e+00
1.000858500564933307e+00
1.004559523816299649e+00
1.002944280497733542e+00
1.011771580967323114e+00
1.001399834409223644e+00
1.001805677550194895e+00
1.003554645205327001e+00
1.003681642245880079e+00
1.014187225713347296e+00
1.012512243188860461e+00
1.008013542978903665e+00
1.003689158460853159e+00
1.004097592613382828e+00
1.008249841424936566e+00
1.011213687553433216e+00
1.005001933628723698e+00
1.006874270049781028e+00
1.015788765670089244e+00
1.009307875982925484e+00
1.007291731648150890e+00
1.000891410362455769e+00
1.002218123135514727e+00
1.002539281685908001e+00
1.008806005129764483e+00
1.001355473488654724e+00
1.000362495079711644e+00
1.004668288748930882e+00
1.010734224980387008e+00
1.010181171677995815e+00
1.012550249678296543e+00
1.010244315802958370e+00
1.008625768421615554e+00
1.006508389690937921e+00
1.002636305929632154e+00
1.007840906728218799e+00
1.009057012347752025e+00
1.001552924678895007e+00
1.007783232981023458e+00
1.001224846671530111e+00
1.007480994172643252e+00
1.001999621827174725e+00
1.001493115965828462e+00
1.001418413887378955e+00
1.016878799836725467e+00
1.008353380555049084e+00
1.003179581854506397e+00
1.000894251717962646e+00
1.007302029134389709e+00
1.001819933207808155e+00
1.012167519816772998e+00
1.006662837687016587e+00
1.010904558780357787e+00
1.005167341087484845e+00
1.010373486861279479e+00
1.010001581825993533e+00
1.007720252018705631e+00
1.014167922016587564e+00
1.008079854012035037e+00
1.008004495722726324e+00
1.003949925525528863e+00
1.018054223853363416e+00
1.006994728094623870e+00
1.005110116600614445e+00
1.007391432244190810e+00
1.001825514448216881e+00
1.003376983119885324e+00
1.003932347360285471e+00
1.006963142444719406e+00
1.010228751006277070e+00
1.003670617928581477e+00
1.001705208419165993e+00
1.007683292653100526e+00
1.014478552080311458e+00
1.005491579558920101e+00
1.006348724892654145e+00
1.003697452779988231e+00
1.013007338721422901e+00
1.001513991938337123e+00
1.002155055480650425e+00
1.029951536604912343e+00
1.009952265518112124e+00
1.007497135861329163e+00
1.012617502079389942e+00
1.027583765210062561e+00
1.002408891381672662e+00
1.012515234569918654e+00
1.004416234868696911e+00
1.011013565820914284e+00
1.010488420740128568e+00
1.028504861809531157e+00
1.001402911203347124e+00
1.000026565988131111e+00
1.011401245845601871e+00
1.007844797433703699e+00
1.010131446134572064e+00
1.011539776572662586e+00
1.006622269026760996e+00
1.004615165568516710e+00
1.011959810056058284e+00
1.004945803939379489e+00
1.008788409440211531e+00
1.016026769837842902e+00
1.001992896785409481e+00
1.000111323103251904e+00
1.003266447679418860e+00
1.012683273661243000e+00
1.007811663347393472e+00
1.019079817287410261e+00
1.007494184261006565e+00
1.003385666987928415e+00
1.011845828289836824e+00
1.009458504565785120e+00
1.013360518767083107e+00
1.009664781332600292e+00
1.005988526339498090e+00
1.003535643469229299e+00
1.000695527508805860e+00
1.003949292367101176e+00
1.000578521338328475e+00
1.005663823143619462e+00
1.002860893323231695e+00
1.010401890091993549e+00
1.002787770726493832e+00
1.001019605179938488e+00
1.013935044404433050e+00
1.000751074552054032e+00
1.011477568008618100e+00
1.017923061865076306e+00
1.001343066333775900e+00
1.007690846510405969e+00
1.005985202373026910e+00
1.012717940725746502e+00
1.008812116723618368e+00
1.003551491662170392e+00
1.000018361565326197e+00
1.006457582723918609e+00
1.016058583833780338e+00
1.016591720618858163e+00
1.001572582870745798e+00
1.014696864842950852e+00
1.000430500061243233e+00
1.001156877074471430e+00
1.020925674274987038e+00
1.005042619303853968e+00
1.000885906923444146e+00
1.006267627272938947e+00
1.000577000663961380e+00
1.000204629829941627e+00
1.007725877752120969e+00
1.002671365929342251e+00
1.008783267052442811e+00
1.004313631276538610e+00
1.001663511332134604e+00
1.023603880794818011e+00
1.003176724972478340e+00
1.000775447669566054e+00
1.003558990305908116e+00
1.003199852883350340e+00
1.003837514439087197e+00
1.004603207397978260e+00
1.012901211400796253e+00
1.000747960686289906e+00
1.004587349736635327e+00
1.001300402920955124e+00
1.023178939645285501e+00
1.001809370819620515e+00
1.006398681039694765e+00
1.006414157746098548e+00
1.012240567678734493e+00
1.003470032634419695e+00
1.011164770666038271e+00
1.000329273159838994e+00
1.017783116778254282e+00
1.001240047567172775e+00
1.006426231818358108e+00
1.002185013435649363e+00
1.004783818953437047e+00
1.009159124663794094e+00
1.001790321329599331e+00
1.003696114558888075e+00
1.009890241601889338e+00
1.014127285609283113e+00
1.008261783270233414e+00
1.007088343372648076e+00
1.001374350731395024e+00
1.001842017740455226e+00
1.020103368415688383e+00
1.000032808984178123e+00
1.006481481323107996e+00
1.011608583975918574e+00
1.002655265922715477e+00
1.006102789902142636e+00
1.006615339126804898e+00
1.003314483331197993e+00
1.015397504339642598e+00
1.017663237282480759e+00
1.011438491407658846e+00
1.000107953486031320e+00
1.008912922541885360e+00
1.002943181737091516e+00
1.003404247469952049e+00
1.002318013888480630e+00
1.007906744906195584e+00
1.005910492934516398e+00
1.002443516633656939e+00
1.018127070970519243e+00
1.003036130602083853e+00
1.012176328302815564e+00
1.000308668086774988e+00
1.002313856010556892e+00
1.013305269775657269e+00
1.007306029883405785e+00
1.009237109588998260e+00
1.005647268819624074e+00
1.005746264078290375e+00
1.001573937339868881e+00
1.002153826456065433e+00
1.017308191357319425e+00
1.006073729872392519e+00
1.006298076447240453e+00
1.009631581084793339e+00
1.000176586288935354e+00
1.007245241404701952e+00
1.015672568218689120e+00
1.005478103415747393e+00
1.005409961139245079e+00
1.006008894948020815e+00
1.014494693685135118e+00
1.008566365266715836e+00
1.011390871848750983e+00
1.010718471273649444e+00
1.000636140277809893e+00
1.022271498003880508e+00
1.010457024189594044e+00
1.008039238177820929e+00
1.000564976248461191e+00
1.017257219807494284e+00
1.006253964503300180e+00
1.016887484203675251e+00
1.005494120888048348e+00
1.007990634776360306e+00
1.016040867748127852e+00
1.006121882470368600e+00
1.002263190345697108e+00
1.005591158251523121e+00
1.004966956578650095e+00
1.011005096749962195e+00
1.013999236510334523e+00
1.000141650133490545e+00
1.006642649250701016e+00
1.003405338612650466e+00
1.002069982245825885e+00
1.009619163956174903e+00
1.013828522905268592e+00
1.007436900167039129e+00
1.002446479314180960e+00
1.011485465926995619e+00
1.007061822247859117e+00
1.012886084851273960e+00
1.020761321715877745e+00
1.005507848506003166e+00
1.004099274816255605e+00
1.003602207640335031e+00
1.010133792308560929e+00
1.021603386549116310e+00
1.003652126197370986e+00
1.006143715350482193e+00
1.007973891658068499e+00
1.019716304533821560e+00
1.003139986349128376e+00
1.020439019219420818e+00
1.007105088110253677e+00
1.010948564426578766e+00
1.012244870082878778e+00
1.002072236700804808e+00
1.021988722591010479e+00
1.022185882642714372e+00
1.014902122848525989e+00
1.014087061673011325e+00
1.004198207221071781e+00
1.014387056249033803e+00
1.015801594862473678e+00
1.003395530821614035e+00
1.002149522887474609e+00
1.011624199115602085e+00
1.007998038128983032e+00
1.001352325544060617e+00
1.005221398179867665e+00
1.004276631434986689e+00
1.009520080161962596e+00
1.005523189432960374e+00
1.009286413321755393e+00
1.012736989839618573e+00
1.010475707939086698e+00
1.008703084239278791e+00
1.016646653069113171e+00
1.003148346476067099e+00
1.006842555656777272e+00
1.011602926051178297e+00
1.002837911329137466e+00
1.002677680204748567e+00
1.009994549489983351e+00
1.012226328238120976e+00
1.015716652043721968e+00
1.005934251426945147e+00
1.010677401080004367e+00
1.002153275203404581e+00
1.004041661640654892e+00
1.008972495262278946e+00
1.001859095366367525e+00
1.019872223797143374e+00
1.001604993782953201e+00
1.012124689100567521e+00
1.004093997308202368e+00
1.011051988993387774e+00
1.005296782140953082e+00
1.011397520869323330e+00
1.016347932932140985e+00
1.008318986948332663e+00
1.002063538651240426e+00
1.019473042588081579e+00
1.007241852387596115e+00
1.003038803994016792e+00
1.005349631053971571e+00
1.010784023221731998e+00
1.018301687309191683e+00
1.016652580677492423e+00
1.001762602937614322e+00
1.015118812727837661e+00
1.008213865000641141e+00
1.005367698705171176e+00
1.006175277674495439e+00
1.012603765101136588e+00
1.014135106199459679e+00
1.009465281082700505e+00
1.000731377014751455e+00
1.012996556598872111e+00
1.000321840317792699e+00
1.005053988123115083e+00
1.005872560944297334e+00
1.006819672009904298e+00
1.003255859692597340e+00
1.005503706111233297e+00
1.012404009803041571e+00
1.003458360149287687e+00
1.013137069262144641e+00
1.000157195862505510e+00
1.001794470874921128e+00
1.017671838173426879e+00
1.006266784164584260e+00
1.000635362385127625e+00
1.008574344633528241e+00
1.006049321424310916e+00
1.001109556699693925e+00
1.004496304411046870e+00
1.008646466844109968e+00
1.008890315193848863e+00
1.015739827922265581e+00
1.006606706084856029e+00
1.001312911698799546e+00
1.001424134195469273e+00
1.005470826124928774e+00
1.002337498427140261e+00
1.017418622281541341e+00
1.002682663248809503e+00
1.004892759222959508e+00
1.006918979085036581e+00
1.004254759071293801e+00
1.009597163182963886e+00
1.008481067719373847e+00
1.018580042807093466e+00
1.013712820173048978e+00
1.008440057634461651e+00
1.005910389584892650e+00
1.008652800844404451e+00
1.008804489449940833e+00
1.003435959052022097e+00
1.002243782082545609e+00
1.007024578792476088e+00
1.003940198050528254e+00
1.005017980329439453e+00
1.000020794153810400e+00
1.009941241822371882e+00
1.000725789566152990e+00
1.011111259143361529e+00
1.002629338166835860e+00
1.002074224791812851e+00
1.008397204356977772e+00
1.023419703575367379e+00
1.005547438013335348e+00
1.015022681053331599e+00
1.000773739265885087e+00
1.006860127899817048e+00
1.009943042555347947e+00
1.004878949448449132e+00
1.001625407781850274e+00
1.000192581760216193e+00
1.005039424921948310e+00
1.011281258458280208e+00
1.025085566203426390e+00
1.006155711789516349e+00
1.003773964041204447e+00
1.004478394240311934e+00
1.001151614976968141e+00
1.005961096444321745e+00
1.008879558577717939e+00
1.008813911989258072e+00
1.000159610739084659e+00
1.009002654883184302e+00
1.009618782028540496e+00
1.006755430097117543e+00
1.018981852587976134e+00
1.003283435440905036e+00
1.014381761144926397e+00
1.002195151253153504e+00
1.003335064107719665e+00
1.002589751553892183e+00
1.015671882944102489e+00
1.012573783140517492e+00
1.005966629416350733e+00
1.004916065483634435e+00
1.000161264137871431e+00
1.010365288115932181e+00
1.020784600055712366e+00
1.012170570256754276e+00
1.002955776643222441e+00
1.003368737556060264e+00
1.005558131192382687e+00
1.005339601439251274e+00
1.002946129309990164e+00
1.012521384510787659e+00
1.012371360686768362e+00
1.010462697828332868e+00
1.000062004466551135e+00
1.017218403888969780e+00
1.004352882219951892e+00
1.000360292331269996e+00
1.009071984425750301e+00
1.011160702333880446e+00
1.009724023098296009e+00
1.005098748451939139e+00
1.014714888079955912e+00
1.004614803865552020e+00
1.007335961017217008e+00
1.017464544512155067e+00
1.010937381273366631e+00
1.001186063147091687e+00
1.012134456682243888e+00
1.016412602762772677e+00
1.013505485333064504e+00
1.006363905733023589e+00
1.013498006401481355e+00
1.000946723357203361e+00
1.003233109683169699e+00
1.014928614123185691e+00
1.000517549809483597e+00
1.005200615942612563e+00
1.014689247252536841e+00
1.005897639001285704e+00
1.001059680648253236e+00
1.006095997353966487e+00
1.011036133421920447e+00
1.004063816238711437e+00
1.016649810826540712e+00
1.018681328380961926e+00
1.002112562088040670e+00
1.001169928919840135e+00
1.003833619671907762e+00
1.006246151527493859e+00
1.001975337996496407e+00
1.003066840490756784e+00
1.018169748589745183e+00
1.010646153982436735e+00
1.008350876892346148e+00
1.010494835577357309e+00
1.000034071532554414e+00
1.001829063363832262e+00
1.010149758066558601e+00
1.010648103263382946e+00
1.014419023214263138e+00
1.008133269355989459e+00
1.007650287626530083e+00
1.005194660215657620e+00
1.013235622949810066e+00
1.014385529102077355e+00
1.005983202822485323e+00
1.004881816760419433e+00
1.000630445976320226e+00
1.012533953327552361e+00
1.009766144416479605e+00
1.005798974358102393e+00
1.006797272566039902e+00
1.016147404825196832e+00
1.015353598341082852e+00
1.002257447246667210e+00
1.014280319595610269e+00
1.006877071002936663e+00
1.001330313997401245e+00
1.003997275152537449e+00
1.010049750303861904e+00
1.016028028883924961e+00
1.001358463005924460e+00
1.008560091095268341e+00
1.009868791556337131e+00
1.003523595743398333e+00
1.011615896719985530e+00
1.001295143744665550e+00
1.003042070019790399e+00
1.000006136706394599e+00
1.006766636682931093e+00
1.003354637727915000e+00
1.000977342807478410e+00
1.015485216775720678e+00
1.002509259381225482e+00
1.007820046188185881e+00
1.003461001229524197e+00
1.008342971608580552e+00
1.009395082981593195e+00
1.010885153662610225e+00
1.003784823252068970e+00
1.000590999973110629e+00
1.014572665711567012e+00
1.021281685825470742e+00
1.015710634678063995e+00
1.001034409895924293e+00
1.012345889789241671e+00
1.006505939363450119e+00
1.008972505032172950e+00
1.008597329705533507e+00
1.007283274131882012e+00
1.009806920342628311e+00
1.008680946609300522e+00
1.007982652679584534e+00
1.001794796892870654e+00
1.014855518237323562e+00
1.011539056283707438e+00
1.020723329644918076e+00
1.012524812915325034e+00
1.008080680349320080e+00
1.017206816154506477e+00
1.009394423710956445e+00
1.003978949845812263e+00
1.002211567173503459e+00
1.008464105976406788e+00
1.011127556559374252e+00
1.013467432589899797e+00
1.003645032065122900e+00
1.016427480398601979e+00
1.008002100148326585e+00
1.010828857242830781e+00
1.012986940095339738e+00
1.018039937463824263e+00
1.003707918559247014e+00
1.005120829436163543e+00
1.016330312581661177e+00
1.013793827435213624e+00
1.005216107995876573e+00
1.006220280069750173e+00
1.010696241367196935e+00
1.000766327366329866e+00
1.004765633736086183e+00
1.002606964819326318e+00
1.007021181929350195e+00
1.012004049871809919e+00
1.001631175219703129e+00
1.024105262574330988e+00
1.006216844234337771e+00
1.012027571776376700e+00
1.004557981907147513e+00
1.006538924606582341e+00
1.020776598986059991e+00
1.010118675010149403e+00
1.000320702373886927e+00
1.002941488409999859e+00
1.003299480788036435e+00
1.020171301928765928e+00
1.011939206512421974e+00
1.009879001599191639e+00
1.000871688437789508e+00
1.012862506200400858e+00
1.002290665142873127e+00
1.001870502907739713e+00
1.015004579663810969e+00
1.000062961211717782e+00
1.000791781061417085e+00
1.017331094347069476e+00
1.003197950265521721e+00
1.012061691379251283e+00
1.009451132800042616e+00
1.001407459516774567e+00
1.012612542945791949e+00
1.002621978280702875e+00
1.010226974257733001e+00
1.004956025068665326e+00
1.007442737440395364e+00
1.019083336626988023e+00
1.003298413486016338e+00
1.003857073081107609e+00
1.003741881464433661e+00
1.004803532103306862e+00
1.007978917206461045e+00
1.012761306958253726e+00
1.016013577440768367e+00
1.000765565653886080e+00
1.009313769825682439e+00
1.008253114812659668e+00
1.008404014188415854e+00
1.012568484273471459e+00
1.018474927667481822e+00
1.011412546291854619e+00
1.002161912788984477e+00
1.019780222143263915e+00
1.014865645613948875e+00
1.003837637170757358e+00
1.001534064962761095e+00
1.012924960637165306e+00
1.022219878617021349e+00
1.001600304582670242e+00
1.009338152743101791e+00
1.000122957356656128e+00
1.000443782280763250e+00
1.012347122328104865e+00
1.013206493017517751e+00
1.004515447219747282e+00
1.005928985759691807e+00
1.012195718342792095e+00
1.014588333815226395e+00
1.003522581329798324e+00
1.012323200702428982e+00
1.002537816147834215e+00
1.005919777533545556e+00
1.010735071683066533e+00
1.010026016683246430e+00
1.006759584567145316e+00
1.009702234659897169e+00
1.000632046552886845e+00
1.003684858337493102e+00
1.002737055331592630e+00
1.001024144066978705e+00
1.002625835467060300e+00
1.014673099133525991e+00
1.016157870407262687e+00
1.007251939837641608e+00
1.006481118199735070e+00
1.006157148138834279e+00
1.020184517139018476e+00
1.018682922758213039e+00
1.002739844761880716e+00
1.001190134385158137e+00
1.000680276136606262e+00
1.004630866399564448e+00
1.005481565270385014e+00
1.003146954096032717e+00
1.017377246254114187e+00
1.013881014970420935e+00
1.011322084118802644e+00
1.006473429271341313e+00
1.015722284081503002e+00
1.019005234696171769e+00
1.015773086055373975e+00
1.003327216646386022e+00
1.014828816267068001e+00
1.004529582461122006e+00
1.001546914436352242e+00
1.011302159757805796e+00
1.013008807891643714e+00
1.024115851086584872e+00
1.006428198474930813e+00
1.003190940814032928e+00
1.000818260720931052e+00
1.005418353423406908e+00
1.007992761337382248e+00
1.006668900587673221e+00
1.002048979664755590e+00
1.004824903857488572e+00
1.017247545558952693e+00
1.006098726976276003e+00
1.006916463392858896e+00
1.006289795471087212e+00
1.005010678251047063e+00
1.000758523209521522e+00
1.002904993558660918e+00
1.006723639047208074e+00
1.008113842888728628e+00
1.006384928368436293e+00
1.004717718273614668e+00
1.012853448386938915e+00
1.010213046738184683e+00
1.019022973591794834e+00
1.000346744757777628e+00
1.011312986481439857e+00
1.000767909708366155e+00
1.003721164520842812e+00
1.017203214823654722e+00
1.012088043896951062e+00
1.009546234495869443e+00
1.005224132574340734e+00
1.000623212887869373e+00
1.003312577198459454e+00
1.006426835911983009e+00
1.005557774212054056e+00
1.006081253303940715e+00
1.000378956216010140e+00
1.008990330332983687e+00
1.005973826522825521e+00
1.000209862695535135e+00
1.018569213641616678e+00
1.002496819374275150e+00
1.002135881222562919e+00
1.011578027161114779e+00
1.004505995863170131e+00
1.008594311765415474e+00
1.000074573301658942e+00
1.005684478753017919e+00
1.000310457736816705e+00
1.002650071908946616e+00
1.002458371685601035e+00
1.021482418837695194e+00
1.003874766512160788e+00
1.013950047019851697e+00
1.005528306546649153e+00
1.014750531933425792e+00
1.009561387080197825e+00
1.000088651534333462e+00
1.001399480040616741e+00
1.000391891070607331e+00
1.001132919128136844e+00
1.002789532096042935e+00
1.012357857177257792e+00
1.011069855930983419e+00
1.003108072990020361e+00
1.005091727801749713e+00
1.014653241268871797e+00
1.000905198846904209e+00
1.007777623479436002e+00
1.001442760508477470e+00
1.026264124570241298e+00
1.005835156836722533e+00
1.017103576304841495e+00
1.001923981903686034e+00
1.025014826170927984e+00
1.000741938054166891e+00
1.000737155115927646e+00
1.013438854355316998e+00
1.012120208509656782e+00
1.003150382795154671e+00
1.003136057219699229e+00
1.006301124841365358e+00
1.018886033689964554e+00
1.008856554146726703e+00
1.013731104821642193e+00
1.014937629798246421e+00
1.001688513161701266e+00
1.008016522680354798e+00
1.024152650818356269e+00
1.001198361354270538e+00
1.005863340650853255e+00
1.011819850567429624e+00
1.024811862086613123e+00
1.001501996470028022e+00
1.005292203484111413e+00
1.011526056620914771e+00
1.008282587909829831e+00
1.015393490004398824e+00
1.001280251316904124e+00
1.007405734484331461e+00
1.008551813003958353e+00
1.013167160888958529e+00
1.014163930777503886e+00
1.006324159889872893e+00
1.008464412263928800e+00
1.000098155230958685e+00
1.010092990955478109e+00
1.000193077185398627e+00
1.009255908695007475e+00
1.006816350129704496e+00
1.019728202268563644e+00
1.002052635086282173e+00
1.004997382567364150e+00
1.014573601842909456e+00
1.006946214286039032e+00
1.013177869315734281e+00
1.006840485730847279e+00
1.009956086097025585e+00
1.015512683463465571e+00
1.000685696663747626e+00
1.015484245163752686e+00
1.002255871887244965e+00
1.011582989253758003e+00
1.007794808518661656e+00
1.004289269061812817e+00
1.020133477215978690e+00
1.014022574003473176e+00
1.003648629258067082e+00
1.002561123979222923e+00
1.004649340682755465e+00
1.004278218466361228e+00
1.002010312681439475e+00
1.018444111996975820e+00
1.015771047079697675e+00
1.015239671864174076e+00
1.006044883563983472e+00
1.012466342985329559e+00
1.004668387802745588e+00
1.014693988185194407e+00
1.016645515801036792e+00
1.007336642779199209e+00
1.006355137592255478e+00
1.007245321378257730e+00
1.003021723732531179e+00
1.001150704029736271e+00
1.005041946302279054e+00
1.012317507234677061e+00
1.009942753721257303e+00
1.014003869979803296e+00
1.005981338770410849e+00
1.001559612966255619e+00
1.007082568815584889e+00
1.000493798258466738e+00
1.005676173275224627e+00
1.002544771905594434e+00
1.014117235365217695e+00
1.001618522983890536e+00
1.006331372765008059e+00
1.005016665389289354e+00
1.014155842250433759e+00
1.007723763295592656e+00
1.006336218523210757e+00
1.008319882808816459e+00
1.002943563445096276e+00
1.007062638203703342e+00
1.004525018459460073e+00
1.001365631302194137e+00
1.012518122441493862e+00
1.004674490294014344e+00
1.003559983606785888e+00
1.000007119822112323e+00
1.000475208460144261e+00
1.003201752851522910e+00
1.004242830827791533e+00
1.010305329689256792e+00
1.004781566784074487e+00
1.012656858763362644e+00
1.008161418431388512e+00
1.004532351746544316e+00
1.001980224585731882e+00
1.000017116672619277e+00
1.004988003297480281e+00
1.005325028694663114e+00
1.004717696888251632e+00
1.012822291237620798e+00
1.001197228496609970e+00
1.001441171170236677e+00
1.002960826091669366e+00
1.006940445513152760e+00
1.010892165890143968e+00
1.016508169048794041e+00
1.003403057780082541e+00
1.001604257833083711e+00
1.006868769461688462e+00
1.003836789340490920e+00
1.023622193761001276e+00
1.000498209718812426e+00
1.002409158381745602e+00
1.011540596800786229e+00
1.005034249033937677e+00
1.007734100080634132e+00
1.013202554532302901e+00
1.009642169052362481e+00
1.008450580219043546e+00
1.009944226487818453e+00
1.000803878492382504e+00
1.001225483315643316e+00
1.008522212347643165e+00
1.004772996417369280e+00
1.026980816049289702e+00
1.013359776092013442e+00
1.017742436439499798e+00
1.002275142083396631e+00
1.008835182014754528e+00
1.000348518844466739e+00
1.011103635136962442e+00
1.000527986493970012e+00
1.009786755116142576e+00
1.002686428853948319e+00
1.008231809388261402e+00
1.003520905063031377e+00
1.000280056194540190e+00
1.010020617686916422e+00
1.005939401496754870e+00
1.010854449961613666e+00
1.000704098415394760e+00
1.007204824206159977e+00
1.000678813141957502e+00
1.001807786624722141e+00
1.012326550245930656e+00
1.002898316102116549e+00
1.001169137055904379e+00
1.001781895237607634e+00
1.001777114041369598e+00
1.014102893514730486e+00
1.008209931187265651e+00
1.012541426536269107e+00
1.003272545798008730e+00
1.008864962759119965e+00
1.016280264559533464e+00
1.007265754364650379e+00
1.015077569333054930e+00
1.002760066425317786e+00
1.021005122417654620e+00
1.000997753667834944e+00
1.011726243565746364e+00
1.002548670641119744e+00
1.001466251884968850e+00
1.007680064978764278e+00
1.004072374302642068e+00
1.002818209484432010e+00
1.005797810865790121e+00
1.024509720061933304e+00
1.008982907889320213e+00
1.003555879012592911e+00
1.023919410996974921e+00
1.003563385908351258e+00
1.010751863606345280e+00
1.003353273952952041e+00
1.012060868061140928e+00
1.009196522720037015e+00
1.007911793684525881e+00
1.006092721733465423e+00
1.003083548055852869e+00
1.008556017696242035e+00
1.015219843146471623e+00
1.000391395808431838e+00
1.011046568207102148e+00
1.015445585603711232e+00
1.008691269619619080e+00
1.003288526337126507e+00
1.004544932466925999e+00
1.011425708854200911e+00
1.004758686174293425e+00
1.000100910548453070e+00
1.001322752496793367e+00
1.003645732435100690e+00
1.005130852696020094e+00
1.004723753729668712e+00
1.012937567121739990e+00
1.002806022474800551e+00
1.005376851303737107e+00
1.013166041338222856e+00
1.012571347707165614e+00
1.002593972384161702e+00
1.004720236460976190e+00
1.001966405138422722e+00
1.001128578376386358e+00
1.007599189688136887e+00
1.004105939215519161e+00
1.006939753947849514e+00
1.008174394509118166e+00
1.008497855444988156e+00
1.018679096361570835e+00
1.002976316895396458e+00
1.016241708330615889e+00
1.000641762839938442e+00
1.000379855685452624e+00
1.001363740566326488e+00
1.009190896501170442e+00
1.007206284142047714e+00
1.002040498848277839e+00
1.001859367456489291e+00
1.007192286610628651e+00
1.020180772022034832e+00
1.002304226946107990e+00
1.003297748572461678e+00
1.001512959575977968e+00
1.008291784098154897e+00
1.017760007215280593e+00
1.003020322859646374e+00
1.006297560909398259e+00
1.016704224262464873e+00
1.010501936695584524e+00
1.007173800875345471e+00
1.009107649576167276e+00
1.011004558690539179e+00
1.010950647025639304e+00
1.006490095074534574e+00
1.003594159639847216e+00
1.002606245748778990e+00
1.017286810627413995e+00
1.000728687548074536e+00
1.004346219107132177e+00
1.010114254260526367e+00
1.008388543689614725e+00
1.005710717581555835e+00
1.001306546084875571e+00
1.001752939746229032e+00
1.010250118485995552e+00
1.006470350369197853e+00
1.004380279991875957e+00
