1.003743445059904538e+00
1.007806451829971417e+00
1.001726118146845534e+00
1.004520513823185635e+00
1.000665658989429385e+00
1.004930811308208938e+00
1.001431688383761953e+00
1.007726933748355869e+00
1.009151013280795706e+00
1.024187623915340906e+00
1.002463798895320668e+00
1.002619535486385161e+00
1.019177846659439224e+00
1.014844351500588715e+00
1.008676076248700371e+00
1.014021703237488303e+00
1.002651758717348018e+00
1.015207169761528361e+00
1.014945418816739720e+00
1.003152687578089175e+00
1.006855464021954027e+00
1.017944840824332786e+00
1.009889582470734126e+00
1.009516704079641114e+00
1.007692470744033786e+00
1.003426068797509174e+00
1.022535236629082522e+00
1.005922270783178529e+00
1.003996819949636299e+00
1.010952975291330436e+00
1.008525013937001447e+00
1.004417326591693804e+00
1.003893346809278997e+00
1.002714142554477883e+00
1.000982604775183971e+00
1.008853305357965136e+00
1.006813158890215831e+00
1.002978919501264388e+00
1.000689564316742164e+00
1.000236272187749131e+00
1.011181618871652699e+00
1.002375178719054905e+00
1.003397082290901077e+00
1.000176401754716782e+00
1.001894149094968212e+00
1.015223751507502215e+00
1.003073293733202087e+00
1.019719326620526667e+00
1.002068885939134901e+00
1.003220401268525297e+00
1.014960805280319400e+00
1.005613728083464720e+00
1.003412782178013218e+00
1.010172033701277394e+00
1.000640757607918152e+00
1.015901576415020990e+00
1.014026859822836579e+00
1.001074467104716925e+00
1.012715378777219399e+00
1.020392556213320256e+00
1.006599921475872961e+00
1.007834199442072753e+00
1.009902773540277465e+00
1.003398185663892495e+00
1.009305378160184619e+00
1.006334887190739602e+00
1.005308062110596756e+00
1.016466217330273869e+00
1.012695328954667850e+00
1.018255662609730994e+00
1.013864584330252949e+00
1.000522841544766672e+00
1.008503903227658594e+00
1.010273693126508388e+00
1.009602339100328816e+00
1.003467517984032886e+00
1.005599423459389685e+00
1.000488030737090472e+00
1.001178835756145524e+00
1.007705033523765170e+00
1.008078783276458834e+00
1.002542350325912990e+00
1.005932597483905733e+00
1.006292318921977458e+00
1.000141706576346712e+00
1.001790938718794877e+00
1.008827239744007453e+00
1.025806901402988691e+00
1.009319464954850698e+00
1.001508324429052132e+00
1.013383651788043238e+00
1.005686004156967517e+00
1.001048110215622122e+00
1.008384200712569845e+00
1.002890154168952774e+00
1.005470513149782530e+00
1.004089653636535795e+00
1.009174982165442547e+00
1.005678614751527755e+00
1.001303384798126750e+00
1.002729304047060621e+00
1.006730651773841245e+00
1.012455043721255610e+00
1.000121787049043309e+00
1.008610216034999230e+00
1.001453543585931305e+00
1.008459486579880826e+00
1.013869678239038397e+00
1.002895848076851726e+00
1.006653556625352275e+00
1.012054312615741525e+00
1.002212515865454012e+00
1.001918614417872666e+00
1.016576032630237103e+00
1.010210542160790981e+00
1.011136829302506257e+00
1.014107785689291719e+00
1.007355073608875218e+00
1.006543084607198546e+00
1.007633672095227917e+00
1.010693370237234712e+00
1.005099048187585664e+00
1.001192356188827848e+00
1.001703063732511723e+00
1.021872211814847331e+00
1.000646885684670639e+00
1.010574595860521896e+00
1.018891911567705311e+00
1.001622748395628371e+00
1.010810259092774999e+00
1.003875352781085528e+00
1.003006587341954248e+00
1.014406651713583019e+00
1.016792600260561175e+00
1.004483696298402506e+00
1.008982346152772269e+00
1.002217129332475531e+00
1.012470674876345456e+00
1.015500093156174843e+00
1.004094792407752346e+00
1.009369274201601829e+00
1.015302758994927945e+00
1.000192187464477911e+00
1.014517359162506960e+00
1.007901669959182289e+00
1.005430398398516889e+00
1.007082418049116690e+00
1.013464333818616447e+00
1.010807236651107166e+00
1.006743505674432715e+00
1.006531427784679522e+00
1.016296754921884204e+00
1.002946188340628542e+00
1.001199071767763016e+00
1.009879154343484853e+00
1.010371110280542384e+00
1.007838152920960351e+00
1.003342747396236856e+00
1.003787871202330706e+00
1.008694104633839572e+00
1.003480820166136711e+00
1.006717738747300750e+00
1.004277650521612664e+00
1.006888146696705455e+00
1.002907332547173125e+00
1.002501462573626823e+00
1.011077187341104411e+00
1.005025028497323225e+00
1.002949112337450321e+00
1.014614311456451645e+00
1.005252865113118954e+00
1.001453397137530343e+00
1.010496835675479543e+00
1.003574113540705692e+00
1.007784839016483636e+00
1.008816043466414625e+00
1.020534971753782605e+00
1.002411811322015067e+00
1.003630130319703051e+00
1.018099923638744464e+00
1.010721640865368753e+00
1.005949422038662000e+00
1.011095097490715800e+00
1.005421271270506400e+00
1.005373070533880808e+00
1.001967725422553190e+00
1.007073304012440884e+00
1.003344437555751867e+00
1.009000058507394160e+00
1.005208518606041324e+00
1.014445517284142229e+00
1.011985064061765360e+00
1.001859727174892578e+00
1.008230072605765582e+00
1.010621087161612364e+00
1.006951712713967773e+00
1.001429111501350944e+00
1.006774645242951793e+00
1.005706015769382899e+00
1.004191246527114334e+00
1.008080928111429353e+00
1.004179211668657423e+00
1.002988175387820036e+00
1.011121224438420674e+00
1.002699417893784695e+00
1.012904747920952753e+00
1.022654916017116333e+00
1.005829120057666115e+00
1.013111683055480716e+00
1.002120258977400757e+00
1.012678569095140757e+00
1.020523948306322426e+00
1.006992873618641537e+00
1.003252781224431178e+00
1.002023950090735527e+00
1.017177190318911739e+00
1.004175122842471790e+00
1.006676796889099279e+00
1.005713851019879090e+00
1.005740123077115911e+00
1.011830034483097496e+00
1.018292216030163733e+00
1.009059836914486308e+00
1.020005041192752593e+00
1.002403363813193948e+00
1.007762773578772197e+00
1.010019996876952098e+00
1.010648275828293308e+00
1.011596454632244901e+00
1.004292389561901810e+00
1.015539884741247123e+00
1.001653734932718365e+00
1.003554983573952564e+00
1.006241159623622705e+00
1.008245974289978975e+00
1.003778890389262157e+00
1.016714881411051374e+00
1.005986998417043754e+00
1.001257452823118399e+00
1.013310896718469412e+00
1.020840828377044041e+00
1.004473707880407352e+00
1.007606705989681162e+00
1.008090201275590125e+00
1.012800052366862325e+00
1.001909412032021107e+00
1.014016588295162835e+00
1.010795587981930810e+00
1.000436615593205847e+00
1.007813181732910790e+00
1.000350474325937045e+00
1.006667993010227358e+00
1.008376893873358382e+00
1.009024189843760411e+00
1.017766629314392324e+00
1.003802700374967882e+00
1.014128008242628498e+00
1.005992597385608089e+00
1.009643694319550367e+00
1.012981439927295391e+00
1.010850181930617486e+00
1.012628388477069263e+00
1.009046558249601544e+00
1.012776259805161283e+00
1.016775208580270151e+00
1.016545150653194840e+00
1.004220383688898544e+00
1.021615704521154244e+00
1.000721422629995416e+00
1.008682427273014159e+00
1.006649031394373006e+00
1.002921837070963607e+00
1.007285176929194837e+00
1.000825323375057030e+00
1.007591200308749269e+00
1.014471981285360647e+00
1.001771275730308552e+00
1.004185757739527673e+00
1.008953862785524569e+00
1.004653668610723916e+00
1.005444710041781153e+00
1.004365153698709934e+00
1.006454536978393488e+00
1.004848093365016348e+00
1.001812885182606694e+00
1.002511166055387148e+00
1.000992152591225759e+00
1.006225116115558427e+00
1.014156483635429762e+00
1.001134252956690895e+00
1.009481503342257946e+00
1.005520540004348318e+00
1.015102818167307630e+00
1.004709627629594815e+00
1.010206264209850824e+00
1.005215764049944616e+00
1.007396461858432790e+00
1.012077419053290184e+00
1.021111905904093398e+00
1.001694067417065792e+00
1.007186908970480355e+00
1.001660870363283440e+00
1.000381367709051617e+00
1.011405224770063560e+00
1.023380758608571917e+00
1.008305919492550995e+00
1.000906598070774089e+00
1.000772323913245776e+00
1.004038787953019485e+00
1.004956459196301832e+00
1.000048328551799814e+00
1.014064445176624529e+00
1.006239121151698113e+00
1.026977718856826760e+00
1.015622033940213553e+00
1.006735842234312006e+00
1.008878251701725182e+00
1.004038850818395945e+00
1.003887475616008107e+00
1.001634723209884781e+00
1.007453299941772462e+00
1.001022613525037963e+00
1.005912591874621453e+00
1.004136312678889809e+00
1.012491753564892516e+00
1.004964397136110632e+00
1.016403204700718099e+00
1.002391603284388255e+00
1.017993349556131299e+00
1.008268623095064376e+00
1.001508639665993794e+00
1.006757403187305888e+00
1.003413964635076594e+00
1.011431272812730375e+00
1.009337188016452336e+00
1.000784968139949660e+00
1.005481614204920993e+00
1.015749894328218605e+00
1.005340975321677099e+00
1.011302352996005460e+00
1.001421980923187904e+00
1.014930508712665214e+00
1.006761826292752460e+00
1.019189861759930427e+00
1.007320640325243044e+00
1.011930467394741573e+00
1.021633975827093588e+00
1.010970441830945532e+00
1.007990090163335184e+00
1.004757087342094568e+00
1.000531784552540326e+00
1.005700820102626292e+00
1.005408178253837770e+00
1.013433463737615670e+00
1.002388031371455934e+00
1.011279047735198056e+00
1.000469691674519046e+00
1.015716675243791611e+00
1.009663667163656964e+00
1.005552894047162305e+00
1.003382044872417556e+00
1.002325680942282915e+00
1.008134920774850452e+00
1.005375773282820351e+00
1.011287978549673783e+00
1.016662001562504303e+00
1.003783822491466138e+00
1.009309986911244073e+00
1.005556954446458873e+00
1.000534462024711191e+00
1.008664765699671451e+00
1.004715061107476437e+00
1.000171574436974797e+00
1.006295407817260790e+00
1.001148316190267007e+00
1.008898875452047372e+00
1.007144886574880882e+00
1.006729138562772352e+00
1.018408047649182357e+00
1.015466420018443561e+00
1.010625336073119218e+00
1.007994689715691505e+00
1.003208658795812447e+00
1.000102030685697807e+00
1.001500967942446030e+00
1.004116847567087190e+00
1.002484279902419395e+00
1.007865675326346855e+00
1.007281946540316664e+00
1.005082744116604143e+00
1.012769588332142146e+00
1.011011834358489070e+00
1.010069177996370637e+00
1.006765651872511880e+00
1.000543302315331395e+00
1.005634509396093446e+00
1.006710858280487786e+00
1.005927305379581860e+00
1.000055930013154404e+00
1.009358846794851550e+00
1.003274836163630557e+00
1.000558494445105140e+00
1.006778123915940348e+00
1.017395508981016938e+00
1.000368066152780067e+00
1.000171768801612515e+00
1.008171569986620053e+00
1.007413525368136220e+00
1.000196331044010956e+00
1.001291872130461336e+00
1.013856184132424065e+00
1.005998839419336655e+00
1.001561071613727316e+00
1.001961401526104467e+00
1.008592039931600848e+00
1.004231013240702408e+00
1.000321352821622822e+00
1.009045598308677238e+00
1.000404499352221643e+00
1.001382817037522743e+00
1.001997700914130318e+00
1.001800556117904639e+00
1.011737551371322041e+00
1.001170671669281198e+00
1.001868736357594214e+00
1.005914913012231793e+00
1.001759992820068668e+00
1.011380956426219058e+00
1.006532874779165976e+00
1.015434094530064169e+00
1.000476602300909068e+00
1.014498137182998860e+00
1.001934528819511616e+00
1.017691773121184307e+00
1.004195159026391559e+00
1.006893612348269906e+00
1.000296202781371324e+00
1.010965695238358109e+00
1.002704606922428132e+00
1.017176639101097679e+00
1.009541659558615301e+00
1.003622749597756103e+00
1.003321237584573922e+00
1.002147258774796379e+00
1.012807133087788580e+00
1.005788253137714472e+00
1.003533819908507319e+00
1.019620822746840849e+00
1.012817651170017319e+00
1.008146374134622825e+00
1.012823559990980060e+00
1.001507187602481475e+00
1.009748172304368197e+00
1.004169382591701742e+00
1.010061422211796067e+00
1.020441457698023857e+00
1.012218953053082737e+00
1.007790197915113595e+00
1.011347511972891633e+00
1.006235354211215904e+00
1.003573756326702426e+00
1.000508115795520014e+00
1.009849975694402380e+00
1.001791836094818144e+00
1.006099541430633071e+00
1.009640007329957179e+00
1.015932134894690364e+00
1.008554871408724685e+00
1.002755898155770264e+00
1.006322489778714635e+00
1.009657238754871900e+00
1.002466103482715365e+00
1.011035119178762764e+00
1.011794025193973434e+00
1.007081028904464048e+00
1.014628174068807231e+00
1.002847092365712012e+00
1.007327444823947094e+00
1.016061093895903600e+00
1.010412715115119209e+00
1.012950468085445754e+00
1.002812657426094711e+00
1.007913053803894732e+00
1.004167898410318172e+00
1.009485244990454555e+00
1.007082318463614179e+00
1.008849198019230897e+00
1.008705542994731807e+00
1.011133633570800772e+00
1.012722775211766679e+00
1.000774201784240924e+00
1.019253660930014238e+00
1.005321062542052113e+00
1.002142370371292168e+00
1.017477401124983860e+00
1.012315286673590498e+00
1.005522441928806465e+00
1.008385798313523374e+00
1.002866067766406299e+00
1.005417582733535875e+00
1.005241956142334914e+00
1.011552322877967258e+00
1.005688726480255202e+00
1.011572586304785526e+00
1.012479383771159203e+00
1.005023501568657274e+00
1.005811716837240910e+00
1.007051934881832977e+00
1.000043881399510726e+00
1.002462720966185827e+00
1.014215740232355722e+00
1.011722066950338617e+00
1.000965840631796056e+00
1.009024527147788897e+00
1.000259206514976684e+00
1.007269794055564827e+00
1.002032311850344914e+00
1.014435990218036210e+00
1.008653537571696068e+00
1.000800588169574512e+00
1.009144557978407297e+00
1.015972475280698006e+00
1.011070450406257981e+00
1.001444961263676436e+00
1.009607013503346140e+00
1.008579028828425095e+00
1.008958129782023594e+00
1.012619003532364115e+00
1.003901809728249495e+00
1.004600349069307397e+00
1.002549927162076360e+00
1.006066876809569077e+00
1.005370064889646642e+00
1.001053158145385202e+00
1.003080444970769314e+00
1.001504669841745798e+00
1.007604449516904532e+00
1.002362495203513726e+00
1.004189169070250909e+00
1.013250561107314374e+00
1.007897142693852111e+00
1.007033791820733493e+00
1.018942876262507014e+00
1.005771629708724024e+00
1.015600648112134685e+00
1.008000081368112921e+00
1.005305093306028796e+00
1.004470177421216803e+00
1.016494232582453527e+00
1.007784891689089246e+00
1.003200030600031489e+00
1.007031960202644516e+00
1.003174483340637746e+00
1.003055059221627632e+00
1.001621251474065222e+00
1.010098821812400294e+00
1.012237009776359109e+00
1.004162026600957880e+00
1.005362173170102347e+00
1.012561184428521388e+00
1.000203792759078780e+00
1.004288015912782273e+00
1.003944673093704276e+00
1.007421185467634928e+00
1.016093184593393817e+00
1.000506647690771134e+00
1.014067418357372796e+00
1.007648240483387969e+00
1.008170153530023816e+00
1.019989110831742485e+00
1.001610383044080121e+00
1.003529801576001690e+00
1.002916303296340184e+00
1.006243072639254832e+00
1.008034138674907210e+00
1.010936645964223723e+00
1.000663439558461043e+00
1.005606721702218431e+00
1.017611027268255919e+00
1.006148464473838100e+00
1.013267702470532772e+00
1.001404271397862811e+00
1.003703786037802415e+00
1.011109531114628091e+00
1.008773007727476800e+00
1.005857496565498055e+00
1.009683052749254406e+00
1.011974963385081860e+00
1.016214816548810740e+00
1.005816035416822185e+00
1.009170332507921097e+00
1.004964604497582625e+00
1.017777009674146527e+00
1.006423991443172294e+00
1.005379879935051068e+00
1.018587320862955670e+00
1.000024514684230592e+00
1.004276236240032372e+00
1.013915542711164131e+00
1.005981041082708360e+00
1.004502167124307288e+00
1.008172762601120764e+00
1.005295604452342006e+00
1.004242466033682168e+00
1.003388207500489626e+00
1.004018428468662627e+00
1.017604412556947224e+00
1.020245072209984727e+00
1.001238472422576020e+00
1.011109924836586238e+00
1.009462655938514253e+00
1.008950977786588155e+00
1.000410634350169303e+00
1.003487402096695735e+00
1.011361077892590998e+00
1.006658112575865793e+00
1.000298632080686811e+00
1.007145196179077384e+00
1.014238703045322376e+00
1.015383981199505126e+00
1.016267031854304559e+00
1.007158381300951033e+00
1.006214658948648477e+00
1.003103233814335749e+00
1.014898614845605174e+00
1.012750196812453485e+00
1.014804371876460110e+00
1.002862782182377677e+00
1.001226788838510240e+00
1.010290831766596620e+00
1.016990267427599459e+00
1.017174454967302522e+00
1.007179376597407972e+00
1.009160735223675553e+00
1.001405551221465906e+00
1.003511771712986667e+00
1.007327665266626093e+00
1.015480551854998081e+00
1.006477180148488193e+00
1.008258451342133322e+00
1.000694725250001138e+00
1.020753903026029752e+00
1.006605479936070857e+00
1.002016859223661571e+00
1.004372305170665891e+00
1.006933682448422518e+00
1.001740073939760611e+00
1.002483235467382494e+00
1.017137435757889286e+00
1.015148787059144464e+00
1.001534694467505648e+00
1.003561138144967391e+00
1.009037431622767933e+00
1.003305986922654602e+00
1.000026047064550117e+00
1.010349793186531064e+00
1.002437264343088996e+00
1.004180346679361735e+00
1.003626984804541822e+00
1.001916170731956601e+00
1.001704182544490340e+00
1.001821337772583753e+00
1.021069680984522776e+00
1.010913669118301161e+00
1.018629973900262886e+00
1.007891863292023071e+00
1.004263059854962892e+00
1.002063523116345722e+00
1.006465107028957195e+00
1.006620587590353777e+00
1.012143104856587206e+00
1.007176271780705124e+00
1.002460084259881201e+00
1.013164965188277034e+00
1.001859508193715609e+00
1.007183947075348973e+00
1.000531084981494123e+00
1.004791727066678853e+00
1.009742332290845201e+00
1.001742538373648461e+00
1.007118832474423353e+00
1.007345467360124980e+00
1.016792673002014702e+00
1.006209531782444211e+00
1.000980902278394868e+00
1.001834350110909932e+00
1.003516037573195074e+00
1.012724789590425889e+00
1.003244724034670465e+00
1.008556054705011196e+00
1.000981289182723666e+00
1.002554179196277762e+00
1.008732465015787838e+00
1.001229758764009992e+00
1.010660761301771959e+00
1.005945979116007916e+00
1.003568828023394977e+00
1.015202064366823365e+00
1.009768180410872462e+00
1.000803122666060752e+00
1.009708725298350318e+00
1.002505573666094385e+00
1.017379160973674201e+00
1.001933523178611285e+00
1.008687655497559010e+00
1.003077823615254216e+00
1.018780291657503723e+00
1.004173686256859988e+00
1.008204575218301979e+00
1.001625912553160136e+00
1.006403852788650077e+00
1.008545371317879136e+00
1.011967999611368407e+00
1.007647230546677042e+00
1.010400843339512855e+00
1.014638393787645088e+00
1.003822859197617490e+00
1.004388759175928847e+00
1.000369736793646158e+00
1.007600334660113006e+00
1.021558931814058768e+00
1.011125898355675234e+00
1.025725835792411722e+00
1.006024500819099332e+00
1.011393805908521015e+00
1.002028823920330103e+00
1.005546517763320047e+00
1.009189461229248685e+00
1.005964065097959326e+00
1.000371592126646503e+00
1.004069934472903602e+00
1.009826951711430665e+00
1.005159730645819760e+00
1.005935611719007250e+00
1.014533293467343000e+00
1.003433482716177050e+00
1.008673846760530513e+00
1.014168976585849036e+00
1.012958460909280323e+00
1.003029593523823371e+00
1.000639021236561899e+00
1.003532252385191725e+00
1.002223096403060953e+00
1.000346434378533544e+00
1.003901034242128398e+00
1.007053463950751571e+00
1.009318060837377962e+00
1.004914262427551108e+00
1.002581792130205818e+00
1.007853797038561261e+00
1.011511636177368167e+00
1.010216965593668137e+00
1.014562297190280127e+00
1.003360338208686642e+00
1.006770910426935561e+00
1.006543578588486865e+00
1.004134381555207067e+00
1.010038888115293298e+00
1.001685784909176480e+00
1.012900750382454973e+00
1.000457874144069947e+00
1.005059836074249313e+00
1.008518104678265859e+00
1.005580919322438760e+00
1.009422237646132814e+00
1.000485170972722715e+00
1.014939807571962893e+00
1.000972189347912433e+00
1.003677890502667092e+00
1.003753191572173575e+00
1.000147667614127434e+00
1.001177951597763682e+00
1.014380636904258504e+00
1.012099979119686743e+00
1.011169891779027052e+00
1.010098550185353883e+00
1.000932925732323620e+00
1.003824213186845116e+00
1.000082162322977863e+00
1.000757193594050687e+00
1.000473745743486242e+00
1.002512729632578869e+00
1.000704086495818990e+00
1.000211051228714121e+00
1.003110712086842993e+00
1.012721978844435489e+00
1.000704430548196244e+00
1.023633849621367942e+00
1.009459146821588993e+00
1.014926861555620397e+00
1.009520279635810702e+00
1.012127545922051119e+00
1.003852756680015501e+00
1.003273938394234399e+00
1.009593770462570372e+00
1.007749553421140476e+00
1.006812679961508028e+00
1.002234011524538060e+00
1.002924086690825334e+00
1.007524856880615216e+00
1.005371143141450041e+00
1.020528586062787735e+00
1.007576339468080784e+00
1.005688559970328022e+00
1.019434022982565580e+00
1.001147623553992894e+00
1.003465202553589952e+00
1.004474630531723145e+00
1.014437771726600657e+00
1.011859117002121167e+00
1.003905789449750507e+00
1.015149211025020426e+00
1.000782713271284985e+00
1.006621652532545541e+00
1.009402618245269778e+00
1.004006897657964137e+00
1.000865670279082797e+00
1.003271770591831924e+00
1.006471508577995388e+00
1.004087100436485969e+00
1.005454408191508886e+00
1.001166633936580563e+00
1.000178418831288107e+00
1.015351103369664276e+00
1.000977898844410241e+00
1.003745892210502921e+00
1.009586255561101931e+00
1.014125925547948892e+00
1.004130027387248880e+00
1.009351869741894836e+00
1.006293142179701450e+00
1.000638060112696071e+00
1.005348703769699981e+00
1.000373166484570531e+00
1.020704222537825556e+00
1.011753019345615678e+00
1.004376725229418454e+00
1.002977508613138724e+00
1.005233170570547729e+00
1.004060727840400125e+00
1.004814359934206314e+00
1.017292413301521758e+00
1.005293437780883536e+00
1.011249690817292102e+00
1.001972775555429740e+00
1.007261289002610916e+00
1.006625808823082391e+00
1.008232527819771240e+00
1.009904625859608940e+00
1.014709481667879665e+00
1.002915200419483455e+00
1.004965648385044208e+00
1.000715354725114414e+00
1.008825048054061257e+00
1.018265746564089858e+00
1.005174063287962660e+00
1.021587128866419780e+00
1.008349623688678864e+00
1.002671890407411448e+00
1.007193900997393810e+00
1.009121638952334532e+00
1.009630429526512163e+00
1.009083737789267632e+00
1.002392677774200047e+00
1.002633876486543674e+00
1.003065461462597563e+00
1.011054029673646104e+00
1.006713562145726826e+00
1.009729932060187796e+00
1.012736296256642188e+00
1.007765007938479451e+00
1.006278061393371726e+00
1.005264557176931195e+00
1.007303358328994980e+00
1.001880654419623040e+00
1.012381033558580556e+00
1.016969557496083976e+00
1.013110875577642123e+00
1.013397600004578791e+00
1.013631418738297096e+00
1.002213433467149972e+00
1.027028023533722578e+00
1.009451379024210560e+00
1.005530789454454288e+00
1.015788362084796503e+00
1.008077735456726298e+00
1.026098544826273384e+00
1.011504544343530432e+00
1.004768323682696529e+00
1.011277096964385613e+00
1.010987865601341129e+00
1.004017687351704824e+00
1.015623232734717440e+00
1.001768641227458456e+00
1.004737016883691769e+00
1.009050410893100880e+00
1.006400279036513856e+00
1.009869340202934840e+00
1.027858370393378795e+00
1.000976453178880288e+00
1.011673223842140201e+00
1.013261730890919310e+00
1.003603833915446941e+00
1.003245352798305845e+00
1.005830881615322303e+00
1.005140649589741031e+00
1.006846703860087011e+00
1.002676262377350636e+00
1.006626844271483856e+00
1.013122320738192750e+00
1.015568748030036383e+00
1.009640160889187843e+00
1.003683028474813499e+00
1.015176111061925068e+00
1.005535171819947227e+00
1.002939205144308232e+00
1.001690388588051039e+00
1.020442642206117911e+00
1.001101904054114033e+00
1.007197648662049083e+00
1.002554590526628431e+00
1.014982674225566317e+00
1.002455914752999888e+00
1.011134654341106387e+00
1.002078708491007220e+00
1.018492587221793144e+00
1.009572009398627124e+00
1.005446418340270709e+00
1.020525525166413150e+00
1.007105486571136188e+00
1.005001589058311051e+00
1.002044995452587850e+00
1.010783950889506233e+00
1.008322337209213826e+00
1.002823059569938335e+00
1.003176993407580486e+00
1.002790416539983909e+00
1.006658659177062098e+00
1.000591428129005145e+00
1.003697974375393986e+00
1.011138004813731062e+00
1.008770724441896194e+00
1.013297098198440160e+00
1.011330674706307775e+00
1.000265983276746651e+00
1.007858274435710078e+00
1.005787366105722835e+00
1.004681527027279087e+00
1.025656711181915037e+00
1.009447034477491734e+00
1.003191566007869628e+00
1.007248035281999021e+00
1.001193157907058540e+00
1.011341328973664799e+00
1.004492007463065661e+00
1.002126851147809194e+00
1.002044305716931483e+00
1.000190361721108090e+00
1.012153834826056142e+00
1.010955689287863057e+00
1.006490847806798206e+00
1.003922665361923539e+00
1.005108649595906289e+00
1.015619559488788015e+00
1.001522018784658963e+00
1.000369622834260896e+00
1.002729938249787400e+00
1.007051448279439043e+00
1.000096032609606000e+00
1.001306947831677396e+00
1.010278506031391021e+00
1.005930512994970494e+00
1.019274612583750184e+00
1.016865375111636771e+00
1.003527331781695953e+00
1.004911733786363781e+00
1.017262238712307365e+00
1.008024265111376216e+00
1.004799312690916491e+00
1.012765696301927809e+00
1.017624584834993628e+00
1.009774928228742041e+00
1.002927414104208381e+00
1.013317227201773640e+00
1.005524951250823973e+00
1.010282377532832676e+00
1.006511348538896344e+00
1.018686233203186742e+00
1.000855686022177560e+00
1.001959824341220218e+00
1.002456450239231911e+00
1.002798453594424100e+00
1.002986488504099105e+00
1.001922294739635566e+00
1.010174210261682415e+00
1.002761495194563812e+00
1.002986826513568630e+00
1.002492794246206298e+00
1.005209678693357311e+00
1.020141393716725187e+00
