9.624615196296964825e+00
1.067883533304612342e+01
1.038404364770409494e+01
1.034385039815791174e+01
1.093777928448271020e+01
1.077528456192344208e+01
1.134420547691371794e+01
1.030995087245072384e+01
1.113383689185123870e+01
1.086936939421700288e+01
1.031732442636129221e+01
1.065492887897455176e+01
1.022121636778251741e+01
1.107371957824413222e+01
9.893139960766298202e+00
1.010099847708383791e+01
1.004806711733142421e+01
1.037723882495748740e+01
1.082978167510788836e+01
1.053374909563833661e+01
1.048455210478753230e+01
8.867148851199813109e+00
1.040595331015004632e+01
9.737196062370223615e+00
1.009375149733656940e+01
1.124693017815719820e+01
1.010608522056764969e+01
1.103644026507933873e+01
1.092600075237935009e+01
1.000101352321290804e+01
1.063408005042312787e+01
9.901522049622029087e+00
1.080321919432439870e+01
1.067584187725501010e+01
1.094253129334073549e+01
1.047415085435781990e+01
1.118566224552570709e+01
9.674400368520164051e+00
1.022751716583568538e+01
1.078410321558866514e+01
1.039663352540696728e+01
1.002871677624352387e+01
9.879250531827661774e+00
1.095263555554102197e+01
1.046631424974934532e+01
1.109324017607808344e+01
1.081139560802648525e+01
1.038587533348688829e+01
1.033871573381285813e+01
1.051960478315058900e+01
1.111077203060063923e+01
1.081748894091550994e+01
9.217303976574813262e+00
1.075383535176070637e+01
1.120088291355523324e+01
1.077735832853244702e+01
1.003658187743313945e+01
1.047933715622475859e+01
9.960549693824660267e+00
1.031942716673768423e+01
1.126550703340257087e+01
1.121383062468905756e+01
1.021278267013232721e+01
1.029326485704359584e+01
1.062694906226386848e+01
1.139452920420653470e+01
9.977045087901897702e+00
1.017355972377049689e+01
1.107168338239535998e+01
1.048983771976908130e+01
1.113782705743723334e+01
1.005273257769014350e+01
1.054098986955894190e+01
1.027488129568634889e+01
1.026130548181052404e+01
1.043322215718090362e+01
1.041572772443469219e+01
1.031722022235673819e+01
1.118600799618544528e+01
1.080904832598674403e+01
1.080270544475923700e+01
1.022318120809143949e+01
1.059801853491045165e+01
1.088471243155051837e+01
1.091298662798851993e+01
1.029993510351364705e+01
1.087086207320744080e+01
1.081536872616663914e+01
9.963212236636923791e+00
1.105371384121436762e+01
1.042619017108027180e+01
1.048296472828345927e+01
1.043510865458437209e+01
1.058544643885599790e+01
1.065427654772067712e+01
1.049771841611662282e+01
1.105566897103597235e+01
1.066292986321254688e+01
1.037517362326640935e+01
1.039481795259309749e+01
