1.043311638487895365e+01
1.099108178729738405e+01
1.011697626807903916e+01
1.049241121197630378e+01
1.123647870339518029e+01
1.071611752567017106e+01
1.091738966985760761e+01
1.056408650445789732e+01
1.153173980908615093e+01
1.061205244303561734e+01
9.654982941865252855e+00
1.007557575105595049e+01
1.037949493022930980e+01
1.062832714898152808e+01
1.087261038795523405e+01
1.039019329828019877e+01
1.077677752932434529e+01
1.090298426595265724e+01
1.026231298004024417e+01
1.151945244929217438e+01
1.069219662038431906e+01
1.108999539444840465e+01
1.057033881222756833e+01
1.082414779507935165e+01
1.087031989385632613e+01
1.116502280905008071e+01
9.982532763200744341e+00
1.057330924933155103e+01
1.040974807120115386e+01
1.121332300055282616e+01
9.873477579903198631e+00
1.155503560521055562e+01
1.107627230205318902e+01
9.776063484134349224e+00
1.048867707556360074e+01
1.078780338829497509e+01
1.081882855665726595e+01
1.115973542446132427e+01
1.092057033908634978e+01
1.025339255693535989e+01
1.049803828996065747e+01
1.076477175185424784e+01
9.956315406120113565e+00
1.006835823304210464e+01
1.047623128311969687e+01
1.023527375750116875e+01
1.104594494677644612e+01
1.060898957484244676e+01
1.030553666695396942e+01
1.101572062128877860e+01
1.092958828951525696e+01
1.196961699096917187e+01
1.101247728581600427e+01
1.039195209751242999e+01
9.930853029930972298e+00
1.099854772269362257e+01
9.721595491896019681e+00
1.030770581680552311e+01
1.120165563584125223e+01
1.137982533950366815e+01
1.067998416783433768e+01
1.074601130068976218e+01
9.638556543608309823e+00
1.051815240300810217e+01
1.055887632870687831e+01
1.029390590467422051e+01
9.756838431189020611e+00
1.012877538331331628e+01
1.031807356076104654e+01
1.041835110446660195e+01
1.061496475241790449e+01
1.079498037607708305e+01
1.026283440035589933e+01
1.027859800691302006e+01
9.469920198665846556e+00
9.629688605062037610e+00
1.017496219940105107e+01
1.082205045165223467e+01
1.066369538988090326e+01
1.086907610607758912e+01
1.086764645306994836e+01
1.103251200501583007e+01
1.079189510325424628e+01
1.151686828940852081e+01
1.113744304753739556e+01
1.060955416145354846e+01
1.061140418141354580e+01
9.589260515370668259e+00
1.198661452290300744e+01
9.940513894842140985e+00
1.082220808115375377e+01
1.095962042404169168e+01
1.033811294508224243e+01
1.007354039624318354e+01
9.855674972940610346e+00
1.083505475076643343e+01
1.044052000779440448e+01
1.078213934485127368e+01
1.118741411759421034e+01
9.974400793927490128e+00
