8.257150944723662178e+00
8.328154085139852114e+00
8.081447483426046574e+00
8.483889778718971542e+00
9.670201362543782153e+00
9.177060003846495562e+00
7.908360847530997439e+00
7.521640771123339952e+00
9.136913600044287875e+00
8.546653454084623291e+00
8.079528418688946445e+00
8.725011774317074753e+00
8.684885151495002731e+00
7.917687986473227468e+00
8.177710823719682054e+00
7.722940279341285574e+00
8.096547265529991932e+00
7.942220966268502380e+00
8.066983973908129713e+00
8.741521145576790275e+00
7.675138218356420516e+00
7.864472707646983807e+00
7.946561690726099414e+00
8.261303460703762980e+00
8.236000926246035192e+00
8.170680467229562538e+00
8.838089744744273446e+00
9.940887320209764511e+00
8.542636627969212526e+00
9.295533353432917423e+00
8.368934355136522285e+00
7.877817004392341005e+00
8.384649861901589674e+00
8.232214840737704264e+00
8.491736476456923199e+00
8.702204049057597146e+00
8.451105875314755878e+00
9.257684514900065054e+00
9.099574060768684802e+00
8.765048405750039962e+00
8.487070514021390011e+00
7.940774664769477909e+00
8.369457742928140931e+00
8.768551172417952344e+00
8.215805634870458007e+00
7.870424996738259793e+00
9.163962197169929880e+00
8.775306948429623333e+00
8.646549064576902310e+00
8.907561254248150817e+00
8.988359864834380986e+00
8.479262985156211130e+00
9.090473854160389777e+00
9.190690282167377489e+00
8.195935704416651646e+00
8.636463533002425308e+00
8.533342835151035644e+00
8.547629919298207923e+00
9.267724017923999469e+00
8.245232595272417697e+00
9.565239768048844127e+00
9.146895575056941396e+00
8.448174162163741840e+00
8.952851123600751748e+00
8.867855978529696870e+00
8.730910241564025398e+00
8.265918324740461287e+00
8.072816779026338097e+00
8.722067760507664858e+00
9.003376581728154804e+00
7.430931201912421180e+00
8.682981121794057344e+00
8.428155494593148944e+00
9.135365322192530613e+00
8.268208029231253420e+00
8.467622847596192770e+00
8.518512048721078145e+00
7.960826626642893089e+00
8.780927075057979536e+00
8.978024667737908970e+00
7.713715291411250341e+00
8.225334007552547178e+00
7.613079224684170754e+00
9.355958973945080359e+00
8.716054386616242766e+00
9.400829218503798046e+00
8.539513313921162307e+00
8.924516479990732165e+00
8.339907417118478605e+00
8.312484939270589734e+00
8.344983350525232879e+00
8.703317741295538923e+00
8.320039560015047186e+00
9.141824071203902946e+00
9.563318414960750857e+00
7.562719093031081030e+00
8.067689261687299052e+00
7.892675491456065728e+00
7.638056083443711231e+00
8.126846502356919189e+00
