9.906408464522252766e-01
9.955452427921193115e-01
1.004686740086006003e+00
9.847160798700110851e-01
1.002721570667438167e+00
9.994393874041825887e-01
9.942900045832467892e-01
9.928858412082517404e-01
1.000363860799733606e+00
9.966265277176031834e-01
9.989079485869004627e-01
9.958064234124683889e-01
1.018880993597624185e+00
9.888972110224175660e-01
9.870002024027325627e-01
9.959677601640808398e-01
1.002301873409056299e+00
1.004102166115675265e+00
9.973954587106914627e-01
1.031857060870588594e+00
9.961978522483344589e-01
1.005870253759399757e+00
1.003520048690181632e+00
1.008892061959924646e+00
1.019813800162926221e+00
1.012254314931609445e+00
1.007210543902775424e+00
1.005193695743054283e+00
9.957521901336530146e-01
9.895358865362869905e-01
9.846698437914714885e-01
9.929980159633803316e-01
9.982943136533479755e-01
1.000551644472883250e+00
1.007490403398667578e+00
1.017362584078157051e+00
9.881151138032620018e-01
9.875738104164835107e-01
1.002267597619488360e+00
1.006600778812087649e+00
1.010285328654592973e+00
1.015206972084881532e+00
1.021302919774370821e+00
9.974613956824448513e-01
9.969539940533883593e-01
9.895412197951307665e-01
1.004815423014540965e+00
1.004036418815065890e+00
1.010896330729901926e+00
9.870266512454984875e-01
9.999442750545786129e-01
1.002046620906904106e+00
9.929869722143780386e-01
9.904197630873607938e-01
1.010784380208329614e+00
9.843280810543064696e-01
9.992629083728989947e-01
9.880392681967490320e-01
9.989215358365539643e-01
1.020529714417856226e+00
9.980757933549743166e-01
1.010674910234661716e+00
9.881148640865138333e-01
9.939096939567563238e-01
9.975645790745495400e-01
9.974616661447478494e-01
1.004437365834788709e+00
9.960037977112591312e-01
1.005644230388682114e+00
1.003562862553102342e+00
9.974448102569344332e-01
9.982810522616623050e-01
1.002911395401768324e+00
9.852452312257019562e-01
1.009245759587766855e+00
1.003945734947135016e+00
1.006017882895182680e+00
1.000926847685749133e+00
9.877600528697191296e-01
9.975966585487850979e-01
9.976053775069737561e-01
9.953521576715322894e-01
9.811847582439147120e-01
1.006349032538171651e+00
9.877232479034195878e-01
1.002697095226961155e+00
1.005336770253874246e+00
1.003445571105776812e+00
1.017408179414197589e+00
9.873701984075672344e-01
1.011130995387111708e+00
9.810716991786233576e-01
1.000876356203379780e+00
9.975762194346394773e-01
1.000606571235576281e+00
9.965514017402611335e-01
9.912419091420895390e-01
9.792778928835829122e-01
1.000455105418590396e+00
1.010059361722098314e+00
