5.624615196296963937e+00
6.678835333046124312e+00
6.384043647704094937e+00
6.343850398157912629e+00
6.937779284482710196e+00
6.775284561923442084e+00
7.344205476913718833e+00
6.309950872450724724e+00
7.133836891851238704e+00
6.869369394217003766e+00
6.317324426361292211e+00
6.654928878974551765e+00
6.221216367782518297e+00
7.073719578244132222e+00
5.893139960766298202e+00
6.100998477083838800e+00
6.048067117331425102e+00
6.377238824957488283e+00
6.829781675107887473e+00
6.533749095638336613e+00
6.484552104787532301e+00
4.867148851199813109e+00
6.405953310150046320e+00
5.737196062370223615e+00
6.093751497336569400e+00
7.246930178157198199e+00
6.106085220567650573e+00
7.036440265079339618e+00
6.926000752379350089e+00
6.001013523212908929e+00
6.634080050423127872e+00
5.901522049622029087e+00
6.803219194324398700e+00
6.675841877255010104e+00
6.942531293340734599e+00
6.474150854357819895e+00
7.185662245525707092e+00
5.674400368520164939e+00
6.227517165835685375e+00
6.784103215588664249e+00
6.396633525406967280e+00
6.028716776243523867e+00
5.879250531827662662e+00
6.952635555541022860e+00
6.466314249749345322e+00
7.093240176078084325e+00
6.811395608026485249e+00
6.385875333486888294e+00
6.338715733812857245e+00
6.519604783150589000e+00
7.110772030600640115e+00
6.817488940915509943e+00
5.217303976574813262e+00
6.753835351760706374e+00
7.200882913555233245e+00
6.777358328532446130e+00
6.036581877433139454e+00
6.479337156224757699e+00
5.960549693824659379e+00
6.319427166737683343e+00
7.265507033402570869e+00
7.213830624689057558e+00
6.212782670132326324e+00
6.293264857043594951e+00
6.626949062263869372e+00
7.394529204206535589e+00
5.977045087901897702e+00
6.173559723770496888e+00
7.071683382395359985e+00
6.489837719769081303e+00
7.137827057437233336e+00
6.052732577690144389e+00
6.540989869558941017e+00
6.274881295686349780e+00
6.261305481810524043e+00
6.433222157180902734e+00
6.415727724434693080e+00
6.317220222356737303e+00
7.186007996185444391e+00
6.809048325986743144e+00
6.802705444759236997e+00
6.223181208091439487e+00
6.598018534910452537e+00
6.884712431550517486e+00
6.912986627988519928e+00
6.299935103513647938e+00
6.870862073207440801e+00
6.815368726166639135e+00
5.963212236636922903e+00
7.053713841214368507e+00
6.426190171080270908e+00
6.482964728283459266e+00
6.435108654584371202e+00
6.585446438855997897e+00
6.654276547720678003e+00
6.497718416116621931e+00
7.055668971035973236e+00
6.662929863212546877e+00
6.375173623266408462e+00
6.394817952593098376e+00
