4.617480206853579183e+00
3.338017698992239879e+00
4.469684065060581801e+00
4.774898061519595949e+00
3.646846308094848332e+00
5.086299022278975457e+00
4.525178961293415902e+00
3.564417075205181362e+00
4.121314164984312356e+00
5.340794391653040485e+00
4.603915751446286286e+00
3.879959094042198853e+00
4.219713751231663146e+00
4.445629077879591051e+00
3.482744687989464349e+00
4.388304383649668239e+00
4.486786821015598115e+00
4.152739671243597108e+00
4.612022685554763690e+00
4.842360685376941198e+00
4.140116485330358920e+00
4.653396984265382841e+00
4.678724623961488582e+00
5.315431103721445005e+00
4.883192155320473127e+00
5.014681147237675773e+00
4.487991981595421898e+00
4.052415893335422403e+00
5.818395984529452392e+00
3.935279116676666078e+00
4.464196480852959503e+00
3.754927660295583447e+00
5.293973586232016082e+00
5.405470069719198634e+00
4.790513782323749581e+00
4.307330106407844639e+00
4.169618880215868018e+00
4.186459887606678976e+00
3.930361994663920999e+00
4.532369322021011726e+00
3.963904833380543113e+00
4.261569660195142717e+00
4.661571432824833217e+00
4.802700353933504474e+00
3.513718663426144584e+00
4.411960557295220298e+00
4.695531404360141714e+00
5.025228503484618692e+00
4.469054455865077102e+00
5.434624224520975488e+00
4.186962001407478873e+00
3.394366934366491506e+00
4.479631603529361961e+00
4.172313468341707576e+00
4.964813101229257342e+00
4.135126907292250742e+00
4.252966198361026962e+00
4.905343763560155779e+00
4.784236749138225164e+00
4.573015113385249464e+00
4.769342753157033599e+00
4.397309028610057346e+00
3.222521558418536713e+00
3.360862993989613745e+00
4.514066280230186301e+00
3.808364781957744860e+00
3.682742979271165229e+00
5.409318851523936544e+00
5.037924581746066721e+00
3.986111198947493328e+00
2.895117702324394138e+00
5.284464659762750038e+00
4.206088121838517324e+00
4.053442140271495298e+00
4.750064828930605110e+00
3.883810414255219889e+00
4.185461919137069664e+00
5.480793274412430804e+00
4.678511591072524567e+00
4.525927383137781312e+00
4.370630890997993845e+00
4.876876050775484472e+00
3.961986244773676002e+00
5.421515803222328955e+00
5.042689325586955817e+00
4.649666462627306984e+00
3.641043213709762139e+00
4.763431520506130390e+00
5.180630349362769671e+00
4.530822296076438604e+00
4.313030462124715747e+00
3.913199262280239843e+00
4.844997134218965940e+00
5.100235720653433447e+00
3.859940785438305433e+00
4.851519945065057904e+00
3.440680413527099635e+00
5.419585074347292419e+00
4.646263343341463070e+00
4.565913024637223039e+00
