9.824923039259393365e-01
1.003576706660922468e+00
9.976808729540819209e-01
9.968770079631582570e-01
1.008755585689654177e+00
1.005505691238468780e+00
1.016884109538274350e+00
9.961990174490145122e-01
1.012676737837024721e+00
1.007387387884340013e+00
9.963464885272258487e-01
1.003098577579490946e+00
9.944243273556503393e-01
1.011474391564882724e+00
9.878627992153259374e-01
9.920199695416768160e-01
9.909613423466284710e-01
9.975447764991497435e-01
1.006595633502157749e+00
1.000674981912766714e+00
9.996910420957506593e-01
9.673429770239962977e-01
9.981190662030009486e-01
9.847439212474045078e-01
9.918750299467313791e-01
1.014938603563144026e+00
9.921217044113530559e-01
1.010728805301586819e+00
1.008520015047587037e+00
9.900202704642582230e-01
1.002681601008462486e+00
9.880304409924405284e-01
1.006064383886488001e+00
1.003516837545100238e+00
1.008850625866814621e+00
9.994830170871563668e-01
1.013713244910514177e+00
9.834880073704033165e-01
9.945503433167136587e-01
1.005682064311773205e+00
9.979326705081393856e-01
9.905743355248705084e-01
9.875850106365532399e-01
1.009052711110820510e+00
9.993262849949868798e-01
1.011864803521561607e+00
1.006227912160529758e+00
9.977175066697377970e-01
9.967743146762571005e-01
1.000392095663011682e+00
1.012215440612012740e+00
1.006349778818310226e+00
9.743460795314962120e-01
1.005076707035214234e+00
1.014017658271104683e+00
1.005547166570649020e+00
9.907316375486627802e-01
9.995867431244951362e-01
9.892109938764931387e-01
9.963885433347536846e-01
1.015310140668051364e+00
1.014276612493781204e+00
9.942556534026465442e-01
9.958652971408719079e-01
1.002538981245277405e+00
1.017890584084130801e+00
9.895409017580379940e-01
9.934711944754098800e-01
1.011433667647907209e+00
9.997967543953816261e-01
1.012756541148744693e+00
9.910546515538029011e-01
1.000819797391178767e+00
9.954976259137270356e-01
9.952261096362104986e-01
9.986644431436180191e-01
9.983145544886938838e-01
9.963444044471347905e-01
1.013720159923708897e+00
1.006180966519734765e+00
1.006054108895184651e+00
9.944636241618287631e-01
1.001960370698208980e+00
1.007694248631010314e+00
1.008259732559770416e+00
9.959987020702729676e-01
1.007417241464148905e+00
1.006307374523332854e+00
9.892642447327384403e-01
1.011074276824287299e+00
9.985238034216054048e-01
9.996592945656691542e-01
9.987021730916874063e-01
1.001708928777119922e+00
1.003085530954413551e+00
9.999543683223324209e-01
1.011113379420719438e+00
1.003258597264250929e+00
9.975034724653282225e-01
9.978963590518619142e-01
