9.967665227142795681e-01
9.923744299801980917e-01
9.859849799011227711e-01
9.862979156579063655e-01
9.923251446895939853e-01
9.871852855031514329e-01
9.937211518122027742e-01
9.849490215986009822e-01
9.849065145251504338e-01
1.010637374795342769e+00
9.901421885761110264e-01
1.001501640497857393e+00
1.007502753074732027e+00
9.989051665444319550e-01
9.897790883789376881e-01
9.915693534378025031e-01
9.983121837560797740e-01
1.000708315499583279e+00
9.961316799828081603e-01
1.007771999706652544e+00
1.006777082377335431e+00
1.014553355650706701e+00
9.810358430454508838e-01
1.012573762707331015e+00
9.972736990683351843e-01
1.011668894691241993e+00
1.004980760399378559e+00
1.022367530316098172e+00
1.007039962698840441e+00
9.965366271624920280e-01
1.000026649822429059e+00
9.968502193760626628e-01
9.965463990339439304e-01
9.935944062142616495e-01
9.998989885667219912e-01
1.004725698318925220e+00
9.940923895974629332e-01
1.000611492108645084e+00
9.881181514302445068e-01
9.900490605174866454e-01
9.832335902638920100e-01
1.018916538616313705e+00
9.733595411307049972e-01
9.907920973039203716e-01
1.002867986538098499e+00
9.860408202703260239e-01
1.011845207336998120e+00
1.005817134886923370e+00
1.018301998707668243e+00
1.000191406472836553e+00
9.947676016885893535e-01
1.001243996450064122e+00
1.014819163073152897e+00
1.000520647183259060e+00
9.937871795270371011e-01
1.011620813514666484e+00
9.967322424328597386e-01
9.700746396188577592e-01
9.931820730646899742e-01
9.952735576579436749e-01
1.010748429142411142e+00
9.989579458161178538e-01
9.986065125875801529e-01
9.957687564367611044e-01
1.011783834968851048e+00
1.015984338956077870e+00
1.024039421059395272e+00
9.968594930225929129e-01
1.018269644895335446e+00
1.008129602291981897e+00
1.004556777770549303e+00
9.930933956529771622e-01
9.921578594921346417e-01
9.903009861378542222e-01
1.014238607713863427e+00
9.945848596248590967e-01
9.988215249836971399e-01
9.998485395676194321e-01
1.007660327610960582e+00
1.010120166827516375e+00
9.891550504421344758e-01
9.981573901644649194e-01
1.010062606077058556e+00
1.009078955887029005e+00
9.873208278835754470e-01
9.899056633030731689e-01
9.948763757471413838e-01
9.856300050896784626e-01
9.981002153504220376e-01
9.876070267851799755e-01
1.001718380985870294e+00
9.931463540475405916e-01
1.002441251829638613e+00
9.881255283611514173e-01
1.019753163127108619e+00
1.014951412118362040e+00
9.972536136020366815e-01
9.930068819037596306e-01
9.932676284297244917e-01
9.995836173723718909e-01
