1.094049542750939175e+01
1.030489677025226136e+01
1.009930818713963774e+01
9.720013741603432678e+00
1.107767600673725283e+01
1.119768034755557373e+01
9.912806892610818821e+00
1.028620351359556473e+01
1.003342656194713811e+01
9.902128592338375057e+00
1.114039631415350584e+01
9.709229776199842732e+00
1.153194222699474381e+01
9.848978550874443627e+00
1.104802293458489615e+01
1.058374292138655903e+01
1.033131299583227936e+01
1.029696063478457546e+01
1.084892443455037991e+01
1.025853580995673298e+01
1.070257846157213422e+01
1.052172185629428114e+01
1.048115276822981201e+01
1.114410099608866389e+01
1.056870300376996497e+01
1.097091782121961323e+01
1.079973993350591677e+01
9.616160229411248039e+00
1.087456413701740487e+01
1.010859653733650632e+01
1.114985452662997290e+01
9.641141867693505674e+00
1.028427697261162344e+01
9.858462632782673651e+00
1.046938637882485068e+01
1.095772529686788488e+01
1.023518949135974765e+01
9.983784007444631570e+00
1.028041203978655460e+01
1.094614294413945466e+01
9.960702056451378184e+00
1.012621941888063759e+01
9.757802063492631461e+00
1.077044753293083623e+01
1.036714754852377318e+01
1.025326459093414400e+01
1.078938289348425350e+01
1.028826685243735639e+01
1.080304314569844415e+01
1.094861030526517531e+01
1.010994462286971185e+01
1.147007029480477058e+01
1.000759346132374006e+01
1.022453511093960721e+01
1.004192724590083330e+01
1.030125849488226564e+01
1.047499961557842063e+01
1.052780765862150858e+01
1.102601267917059502e+01
1.111179864508772219e+01
1.011407875421924274e+01
1.065654523078781324e+01
9.890694819418150985e+00
1.044848535233845865e+01
1.026940833190726465e+01
1.026124674825270233e+01
1.047816564638502257e+01
1.080614588869158688e+01
9.759047017352569853e+00
1.108543215290148964e+01
1.081371878218776850e+01
1.003560581981273359e+01
1.127388396194787745e+01
1.050791152972792730e+01
1.227581810951565444e+01
1.007427456927814191e+01
1.054380691906887435e+01
1.022366988082617034e+01
1.024378286724879494e+01
1.061514319327100431e+01
1.120836502762820786e+01
1.093028738297862645e+01
1.079729527155221191e+01
1.057443739396909343e+01
1.121035171894956939e+01
1.049042585797797500e+01
1.107234735527276825e+01
1.098500981028117351e+01
1.010340805625107308e+01
1.087144434466567411e+01
9.374158517151665038e+00
1.027009950677211947e+01
1.012986393588937339e+01
1.050860186719071088e+01
1.081683693844629346e+01
9.852547110800781383e+00
1.051870656979616214e+01
1.127078944919232129e+01
1.012834424276710799e+01
1.072985965190748203e+01
