1.008809908550187817e+00
9.960979354050452095e-01
9.919861637427928036e-01
9.844002748320686003e-01
1.011553520134744977e+00
1.013953606951111475e+00
9.882561378522163320e-01
9.957240702719113434e-01
9.906685312389427178e-01
9.880425718467674701e-01
1.012807926283070037e+00
9.841845955239968413e-01
1.020638844539894841e+00
9.869795710174888992e-01
1.010960458691698038e+00
1.001674858427731296e+00
9.966262599166455516e-01
9.959392126956915225e-01
1.006978488691007589e+00
9.951707161991346640e-01
1.004051569231442675e+00
1.000434437125885534e+00
9.996230553645961692e-01
1.012882019921773180e+00
1.001374060075399308e+00
1.009418356424392371e+00
1.005994798670118318e+00
9.823232045882249741e-01
1.007491282740348160e+00
9.921719307467301574e-01
1.012997090532599564e+00
9.828228373538701046e-01
9.956855394522324820e-01
9.871692526556534730e-01
9.993877275764970758e-01
1.009154505937357671e+00
9.947037898271949841e-01
9.896756801488926225e-01
9.956082407957310698e-01
1.008922858882788987e+00
9.892140411290275548e-01
9.925243883776126985e-01
9.851560412698525671e-01
1.005408950658616796e+00
9.973429509704754281e-01
9.950652918186828622e-01
1.005787657869685159e+00
9.957653370487471456e-01
1.006060862913968901e+00
1.008972206105303471e+00
9.921988924573942326e-01
1.019401405896095403e+00
9.901518692264748012e-01
9.944907022187920997e-01
9.908385449180167059e-01
9.960251698976453349e-01
9.994999923115683860e-01
1.000556153172430074e+00
1.010520253583411909e+00
1.012235972901754488e+00
9.922815750843848592e-01
1.003130904615756380e+00
9.878138963883630330e-01
9.989697070467692397e-01
9.953881666381453330e-01
9.952249349650540422e-01
9.995633129277003981e-01
1.006122917773831782e+00
9.851809403470513926e-01
1.011708643058029766e+00
1.006274375643755326e+00
9.907121163962546717e-01
1.015477679238957487e+00
1.000158230594558439e+00
1.035516362190313178e+00
9.914854913855628560e-01
1.000876138381377567e+00
9.944733976165234246e-01
9.948756573449758500e-01
1.002302863865420113e+00
1.014167300552564210e+00
1.008605747659572449e+00
1.005945905431044229e+00
1.001488747879381913e+00
1.014207034378991290e+00
9.998085171595595400e-01
1.011446947105455463e+00
1.009700196205623568e+00
9.920681611250214971e-01
1.007428886893313447e+00
9.774831703430333363e-01
9.954019901354423938e-01
9.925972787177874679e-01
1.000172037343814102e+00
1.006336738768925931e+00
9.870509422160156365e-01
1.000374131395923127e+00
1.015415788983846435e+00
9.925668848553421686e-01
1.004597193038149650e+00
