1.002349604137071637e+00
9.767603539798448420e-01
9.993936813012116449e-01
1.005497961230391812e+00
9.829369261618969844e-01
1.011725980445579598e+00
1.000503579225868300e+00
9.812883415041036006e-01
9.924262832996862960e-01
1.016815887833060872e+00
1.002078315028925637e+00
9.875991818808439460e-01
9.943942750246332896e-01
9.989125815575917722e-01
9.796548937597893136e-01
9.977660876729933515e-01
9.997357364203119934e-01
9.930547934248719066e-01
1.002240453711095158e+00
1.006847213707538824e+00
9.928023297066072006e-01
1.003067939685307719e+00
1.003574492479229807e+00
1.016308622074428847e+00
1.007663843106409551e+00
1.010293622944753444e+00
9.997598396319083980e-01
9.910483178667084392e-01
1.026367919690589048e+00
9.887055823335333393e-01
9.992839296170591412e-01
9.850985532059116645e-01
1.015879471724640437e+00
1.018109401394383884e+00
1.005810275646475072e+00
9.961466021281568661e-01
9.933923776043173115e-01
9.937291977521335307e-01
9.886072398932783667e-01
1.000647386440420172e+00
9.892780966676109067e-01
9.952313932039028588e-01
1.003231428656496727e+00
1.006054007078670098e+00
9.802743732685228473e-01
9.982392111459044148e-01
1.003910628087202772e+00
1.010504570069692409e+00
9.993810891173015021e-01
1.018692484490419492e+00
9.937392400281496174e-01
9.778873386873297990e-01
9.995926320705872392e-01
9.934462693668341116e-01
1.009296262024585111e+00
9.927025381458449704e-01
9.950593239672205215e-01
1.008106875271203018e+00
1.005684734982764450e+00
1.001460302267704883e+00
1.005386855063140628e+00
9.979461805722011913e-01
9.744504311683707121e-01
9.772172598797922438e-01
1.000281325604603699e+00
9.861672956391549505e-01
9.836548595854233135e-01
1.018186377030478651e+00
1.010758491634921263e+00
9.897222239789498222e-01
9.679023540464879449e-01
1.015689293195255027e+00
9.941217624367703065e-01
9.910688428054299504e-01
1.005001296578612147e+00
9.876762082851043845e-01
9.937092383827413888e-01
1.019615865488248563e+00
1.003570231821450554e+00
1.000518547662755608e+00
9.974126178199599346e-01
1.007537521015509752e+00
9.892397248954735156e-01
1.018430316064446561e+00
1.010853786511739072e+00
1.002993329252546140e+00
9.828208642741952383e-01
1.005268630410122599e+00
1.013612606987255305e+00
1.000616445921528763e+00
9.962606092424942661e-01
9.882639852456047702e-01
1.006899942684379212e+00
1.012004714413068607e+00
9.871988157087661087e-01
1.007030398901301194e+00
9.788136082705419794e-01
1.018391701486945911e+00
1.002925266866829368e+00
1.001318260492744416e+00
