7.624615196296963937e+00
8.678835333046123424e+00
8.384043647704094937e+00
8.343850398157911741e+00
8.937779284482710196e+00
8.775284561923442084e+00
9.344205476913717945e+00
8.309950872450723836e+00
9.133836891851238704e+00
8.869369394217002878e+00
8.317324426361292211e+00
8.654928878974551765e+00
8.221216367782517409e+00
9.073719578244132222e+00
7.893139960766298202e+00
8.100998477083837912e+00
8.048067117331424214e+00
8.377238824957487395e+00
8.829781675107888361e+00
8.533749095638336613e+00
8.484552104787532301e+00
6.867148851199813109e+00
8.405953310150046320e+00
7.737196062370223615e+00
8.093751497336569400e+00
9.246930178157198199e+00
8.106085220567649685e+00
9.036440265079338729e+00
8.926000752379350089e+00
8.001013523212908041e+00
8.634080050423127872e+00
7.901522049622029087e+00
8.803219194324398700e+00
8.675841877255010104e+00
8.942531293340735488e+00
8.474150854357819895e+00
9.185662245525707092e+00
7.674400368520164939e+00
8.227517165835685375e+00
8.784103215588665137e+00
8.396633525406967280e+00
8.028716776243523867e+00
7.879250531827662662e+00
8.952635555541021972e+00
8.466314249749345322e+00
9.093240176078083437e+00
8.811395608026485249e+00
8.385875333486888294e+00
8.338715733812858133e+00
8.519604783150589000e+00
9.110772030600639226e+00
8.817488940915509943e+00
7.217303976574813262e+00
8.753835351760706374e+00
9.200882913555233245e+00
8.777358328532447018e+00
8.036581877433139454e+00
8.479337156224758587e+00
7.960549693824659379e+00
8.319427166737682455e+00
9.265507033402570869e+00
9.213830624689057558e+00
8.212782670132327212e+00
8.293264857043595839e+00
8.626949062263868484e+00
9.394529204206534700e+00
7.977045087901897702e+00
8.173559723770496888e+00
9.071683382395359985e+00
8.489837719769081303e+00
9.137827057437233336e+00
8.052732577690143501e+00
8.540989869558941905e+00
8.274881295686348892e+00
8.261305481810524043e+00
8.433222157180903622e+00
8.415727724434692192e+00
8.317220222356738191e+00
9.186007996185445279e+00
8.809048325986744032e+00
8.802705444759236997e+00
8.223181208091439487e+00
8.598018534910451649e+00
8.884712431550518374e+00
8.912986627988519928e+00
8.299935103513647050e+00
8.870862073207440801e+00
8.815368726166639135e+00
7.963212236636922903e+00
9.053713841214367619e+00
8.426190171080271796e+00
8.482964728283459266e+00
8.435108654584372090e+00
8.585446438855997897e+00
8.654276547720677115e+00
8.497718416116622819e+00
9.055668971035974124e+00
8.662929863212546877e+00
8.375173623266409351e+00
8.394817952593097488e+00
