9.625633858089008843e-01
9.821809711684770239e-01
1.018746960344024455e+00
9.388643194800445624e-01
1.010886282669752667e+00
9.977575496167303548e-01
9.771600183329872680e-01
9.715433648330068506e-01
1.001455443198934425e+00
9.865061108704127335e-01
9.956317943476017396e-01
9.832256936498737776e-01
1.075523974390496518e+00
9.555888440896703750e-01
9.480008096109303617e-01
9.838710406563232480e-01
1.009207493636224973e+00
1.016408664462700617e+00
9.895818348427660727e-01
1.127428243482354597e+00
9.847914089933378357e-01
1.023481015037599029e+00
1.014080194760726750e+00
1.035568247839698586e+00
1.079255200651705326e+00
1.049017259726437779e+00
1.028842175611102139e+00
1.020774782972216910e+00
9.830087605346121693e-01
9.581435461451478508e-01
9.386793751658859541e-01
9.719920638535212154e-01
9.931772546133919022e-01
1.002206577891533446e+00
1.029961613594670311e+00
1.069450336312627980e+00
9.524604552130480073e-01
9.502952416659341539e-01
1.009070390477953216e+00
1.026403115248350595e+00
1.041141314618371672e+00
1.060827888339526570e+00
1.085211679097483284e+00
9.898455827297792942e-01
9.878159762135536592e-01
9.581648791805229548e-01
1.019261692058164082e+00
1.016145675260263115e+00
1.043585322919607483e+00
9.481066049819940611e-01
9.997771002183144518e-01
1.008186483627616870e+00
9.719478888575120434e-01
9.616790523494430643e-01
1.043137520833318455e+00
9.373123242172258784e-01
9.970516334915959789e-01
9.521570727869960171e-01
9.956861433462158573e-01
1.082118857671425127e+00
9.923031734198974885e-01
1.042699640938646644e+00
9.524594563460551111e-01
9.756387758270255173e-01
9.902583162981982712e-01
9.898466645789915086e-01
1.017749463339155280e+00
9.840151908450364138e-01
1.022576921554728457e+00
1.014251450212409367e+00
9.897792410277379549e-01
9.931242090466494421e-01
1.011645581607073741e+00
9.409809249028080469e-01
1.036983038351067199e+00
1.015782939788539840e+00
1.024071531580730943e+00
1.003707390742996530e+00
9.510402114788762962e-01
9.903866341951406138e-01
9.904215100278950246e-01
9.814086306861290465e-01
9.247390329756588478e-01
1.025396130152686602e+00
9.508929916136784621e-01
1.010788380907844841e+00
1.021347081015496538e+00
1.013782284423107471e+00
1.069632717656790577e+00
9.494807936302689377e-01
1.044523981548446834e+00
9.242867967144932084e-01
1.003505424813518898e+00
9.903048777385580204e-01
1.002426284942305346e+00
9.862056069610445341e-01
9.649676365683581558e-01
9.171115715343317598e-01
1.001820421674362027e+00
1.040237446888393480e+00
