7.056427258545993730e+00
6.229517950546234140e+00
6.418619700939046879e+00
6.912750736781496208e+00
6.730371299795476325e+00
7.268545041534296480e+00
6.654238532696505004e+00
5.852934713764678776e+00
7.098534997953902526e+00
6.868034300617663845e+00
6.779428660838805243e+00
5.695158538064003295e+00
6.368431826103241100e+00
6.017826155213352735e+00
6.961322551299153893e+00
6.762960746861698347e+00
7.095256523158689710e+00
7.416341300761271071e+00
6.877286881100415528e+00
7.763047427021195546e+00
6.645886475532841509e+00
5.607493498526521236e+00
5.404853749167952692e+00
6.296635984520891682e+00
6.964338443993248973e+00
7.054151955087682779e+00
7.380096930992692705e+00
5.743427708431929624e+00
5.650030026561514873e+00
7.180627992607376164e+00
6.245029928106537120e+00
6.572934250091066133e+00
7.553542374883360111e+00
6.373906851632489712e+00
6.714270559562056206e+00
6.374464442251890794e+00
6.866457174320174772e+00
6.534763244272921767e+00
6.142853707172985622e+00
6.195566200724734074e+00
6.175329836373341763e+00
6.540551937849175879e+00
6.766797355739295305e+00
7.318955646323280995e+00
6.753734879526754220e+00
6.888114054474037573e+00
6.020791207837277170e+00
6.339443823972158221e+00
6.391084275233328782e+00
6.742807936665581536e+00
6.231873676720403488e+00
6.242522054157383593e+00
6.315265589713974670e+00
6.939505015585737624e+00
6.597866074444530327e+00
5.781212290684405453e+00
5.791515856117241512e+00
6.335776617247316445e+00
6.863833138291986380e+00
6.746060967182589074e+00
6.773749985277389030e+00
6.864844858637181524e+00
6.219138987559976073e+00
6.560628526228533097e+00
6.554441860035531420e+00
6.821106419674518584e+00
7.357735625788552447e+00
6.205588406353525599e+00
6.908930418846251698e+00
6.706191376186073860e+00
6.601251023508615923e+00
6.877507117312174678e+00
7.294777677618529133e+00
5.604778851381206906e+00
5.976175339675622311e+00
6.847204670821999350e+00
5.809993603299013820e+00
6.520213566752762091e+00
6.113668249943637001e+00
6.200063897533011570e+00
6.764850658916454762e+00
5.561016013560633908e+00
7.071111733157964707e+00
6.430188527494896888e+00
6.502999567080632204e+00
6.550277278144485571e+00
6.686659248832317992e+00
6.300377828891136289e+00
5.862366821201946188e+00
6.263881668597389485e+00
6.019233494932997530e+00
6.570586268480962389e+00
6.263390723011767136e+00
7.364342062725434346e+00
7.410748165029845680e+00
6.652905706068692915e+00
6.649457131113758912e+00
7.590098439501544725e+00
7.106102788061011033e+00
6.861353347329496977e+00
