1.004906569102989033e+00
1.022744374642934329e+00
1.010420252439839794e+00
1.004509754079700778e+00
9.922979076872204818e-01
1.014970352394879205e+00
9.937164255778010435e-01
1.049440491270754450e+00
1.071794783864440381e+00
9.881418214621487950e-01
1.032496852307262625e+00
1.002899690620944417e+00
1.006855917429169578e+00
1.057750367857278384e+00
9.412752716649573914e-01
9.456541357957893856e-01
9.180296397361913385e-01
1.038582793829776918e+00
1.030639314581624166e+00
1.045057942286697683e+00
1.081040573455138931e+00
1.033544779496448296e+00
9.961317020596707206e-01
1.030959265687046766e+00
9.526537184566353789e-01
1.014329907789568663e+00
9.573850273666749677e-01
1.063808957815049805e+00
1.002191721040172290e+00
9.913772481030026507e-01
9.748254671025129436e-01
1.030114494906257949e+00
9.955945169512221415e-01
1.006895540521405508e+00
9.168235645958462410e-01
1.011971064078453830e+00
1.011391416199527660e+00
1.011897526791158519e+00
1.063481554525812278e+00
1.018911802233146702e+00
9.856090214471233679e-01
9.936600551796714864e-01
1.020703987025441073e+00
9.378846556276004831e-01
1.017240099097408201e+00
1.017667007859507367e+00
9.677962181102007788e-01
9.547407504259951549e-01
9.807791446600000462e-01
9.860577001536559028e-01
1.007075005954666258e+00
9.938193666149347516e-01
1.090770528728689959e+00
9.492005604934774521e-01
9.675870070758483266e-01
9.604363939458916422e-01
1.015749039697127154e+00
9.734333058222739421e-01
9.966181204893883594e-01
9.723145127524654985e-01
9.600519279042625254e-01
9.510185799442000265e-01
1.016098655478209434e+00
9.564592263331263000e-01
9.658443121147870514e-01
9.865907336087470503e-01
1.036766273762543600e+00
9.480701292357942567e-01
1.039441868973092875e+00
9.478356863550012612e-01
1.079422807327173217e+00
9.968535668635594149e-01
1.079641114698473681e+00
1.010636377297743360e+00
1.025643068637836164e+00
9.295923970654246249e-01
9.770190790596375852e-01
9.530398099384279620e-01
9.785786250524500796e-01
9.527451665139921033e-01
9.810661605559317655e-01
9.913363029712356500e-01
9.391656030276730460e-01
1.020114795065283575e+00
1.006709128940015852e+00
9.749273067722056263e-01
1.002332289980450097e+00
9.473250589212277584e-01
1.007661372078583195e+00
1.058822775937561245e+00
9.811318300981342055e-01
1.017310944786130822e+00
9.552826907823923630e-01
1.022878605593330992e+00
9.777951767341686029e-01
9.638692082600329725e-01
1.008743359342212376e+00
9.179386894639036676e-01
1.037999394716082824e+00
8.961006441882712892e-01
