5.142704321694128389e+00
4.869211888177224168e+00
5.017552104480913044e+00
3.580417418933164786e+00
4.252351860041724940e+00
4.519347332695376807e+00
4.393871557151632246e+00
4.132639892174918117e+00
4.249057342691267891e+00
5.301039685242426636e+00
4.229394212194324432e+00
4.312599331839709116e+00
3.161298821157410011e+00
5.007773929154799575e+00
3.992054617252988269e+00
4.086545419880933672e+00
4.170992921427408184e+00
5.099206998147997716e+00
4.090602007890944414e+00
4.916409091497512485e+00
4.935365251468772918e+00
5.226977356190767310e+00
3.901263990248980296e+00
4.109292068850953328e+00
4.826153290207682467e+00
4.072003370902532282e+00
4.217930173574319319e+00
4.016439111488009139e+00
4.028218857076284465e+00
4.476872314039170853e+00
3.885892306769311411e+00
4.268521533240778432e+00
4.407473725545006715e+00
3.516122495186251751e+00
4.358166986987360048e+00
3.842105499788168288e+00
4.491951534742136154e+00
4.968728412165899222e+00
4.954684219520481214e+00
3.798969498726842087e+00
4.628263143890623432e+00
4.986224488963034496e+00
4.143580254781149108e+00
4.856256651158481041e+00
5.115301600976249752e+00
4.931850924984479079e+00
3.879495011223190293e+00
3.318421578103774916e+00
4.064219779801746313e+00
4.194315017497396880e+00
4.647735554868408059e+00
4.352861568183104879e+00
4.767112453660002025e+00
4.311484065144001399e+00
3.991181870572549251e+00
4.255879881435537193e+00
5.098442287442186860e+00
5.366951454874463678e+00
4.092459082037472662e+00
4.900559095554402944e+00
4.198641877773737541e+00
5.105706821584097277e+00
4.014040880782290266e+00
4.714392179398170235e+00
3.811354876581751761e+00
5.470685257323332884e+00
4.763111474558012759e+00
5.000974193517164323e+00
4.583950399670140285e+00
4.470908415912313139e+00
4.655214188719202006e+00
4.536053361106660020e+00
4.461591238311532592e+00
4.852267632072961412e+00
4.038878568521081291e+00
4.025228090144714166e+00
4.414157577794347809e+00
4.267195801993595161e+00
3.777128031341837833e+00
5.006501199378794453e+00
4.872067847362274051e+00
4.555159114786834884e+00
5.519996989285231415e+00
3.771651671683078355e+00
4.863960948663024197e+00
4.188086178284184058e+00
4.332216783298366458e+00
4.112685376826036965e+00
4.901543702413981407e+00
3.969269231790299557e+00
4.997263256235656037e+00
4.708386328857613989e+00
3.718487023502870414e+00
4.940759904860445140e+00
4.662957565278095906e+00
5.155237256442275928e+00
4.835237226110222331e+00
4.576905890085440021e+00
4.990182845723737159e+00
4.205678272312406207e+00
