6.032042322611261831e+00
6.277262139605963576e+00
6.734337004300304130e+00
5.735803993500556253e+00
6.636078533371907895e+00
6.471969370209128769e+00
6.214500229162340794e+00
6.144292060412586132e+00
6.518193039986679871e+00
6.331326385880159613e+00
6.445397429345022466e+00
6.290321170623421665e+00
7.444049679881207027e+00
5.944860551120880743e+00
5.850010120136628800e+00
6.298388008204041100e+00
6.615093670452810493e+00
6.705108305783758382e+00
6.369772935534575353e+00
8.092853043529432355e+00
6.309892612416723168e+00
6.793512687969988306e+00
6.676002434509084260e+00
6.944603097996233210e+00
7.490690008146315471e+00
7.112715746580472675e+00
6.860527195138776513e+00
6.759684787152711039e+00
6.287609506682652061e+00
5.976794326814347968e+00
5.733492189573574649e+00
6.149900798169015914e+00
6.414715682667398333e+00
6.527582223644166959e+00
6.874520169933378888e+00
7.368129203907850311e+00
5.905755690163100091e+00
5.878690520824177312e+00
6.613379880974416203e+00
6.830038940604383768e+00
7.014266432729646894e+00
7.260348604244081905e+00
7.565145988718540160e+00
6.373069784122241899e+00
6.347699702669420851e+00
5.977060989756537879e+00
6.740771150727050909e+00
6.701820940753290046e+00
7.044816536495093651e+00
5.851332562274926374e+00
6.497213752728931091e+00
6.602331045345209759e+00
6.149348610718901043e+00
6.020988154368038359e+00
7.039219010416481126e+00
5.716404052715322592e+00
6.463145418644949736e+00
5.901963409837450492e+00
6.446076791827698216e+00
7.526485720892813092e+00
6.403789667748718273e+00
7.033745511733082267e+00
5.905743204325689000e+00
6.195484697837818189e+00
6.378228953727479222e+00
6.373083307237394024e+00
6.721868291739440338e+00
6.300189885562955894e+00
6.782211519434104829e+00
6.678143127655117972e+00
6.372240512846723881e+00
6.414052613083117471e+00
6.645569770088421535e+00
5.762261561285099809e+00
6.962287979388339210e+00
6.697286747356749004e+00
6.800894144759135784e+00
6.546342384287457072e+00
5.888002643485953591e+00
6.379832927439257340e+00
6.380268875348688695e+00
6.267607883576613581e+00
5.559237912195735376e+00
6.817451626908581197e+00
5.886162395170980943e+00
6.634854761348061736e+00
6.766838512693706953e+00
6.672278555288843727e+00
7.370408970709881658e+00
5.868509920378361500e+00
7.056549769355584090e+00
5.553584958931165438e+00
6.543817810168987670e+00
6.378810971731975421e+00
6.530328561778817154e+00
6.327570087013056011e+00
6.062095457104476282e+00
5.463894644179147164e+00
6.522755270929525118e+00
7.002968086104919720e+00
