1.013198383288383297e+00
1.007522423420540880e+00
9.956875509232216981e-01
9.860229868751090310e-01
9.976535250498067553e-01
9.926849095916231436e-01
9.888529129508155657e-01
9.838750544371414053e-01
1.005995423594033156e+00
9.772414880234306933e-01
1.007407607738968869e+00
9.895038094090401470e-01
9.859170645131339894e-01
9.865679643762839124e-01
1.004455748439930352e+00
9.931085880725202264e-01
9.979948641361432449e-01
1.001443014702702028e+00
1.010827989936512017e+00
1.006038979759484420e+00
9.938817842024820770e-01
9.888059077817674680e-01
9.840516277709385751e-01
9.948019180785335758e-01
9.936317109880894449e-01
9.988983829656514768e-01
1.004768943873115772e+00
1.005118598369715954e+00
9.942758033015868246e-01
9.969432736638068615e-01
9.908901243084895505e-01
1.008013846904068256e+00
9.841820401924067374e-01
1.005157836594189114e+00
1.007677946253489942e+00
1.007634670995315007e+00
9.935487337131672092e-01
9.967822911930296348e-01
1.002213746494196478e+00
9.939569939599594006e-01
9.967040446715368374e-01
9.914780984574985689e-01
9.989920320047532831e-01
9.830049781116826368e-01
1.008408923742732055e+00
9.857415432711837955e-01
1.000472302701589156e+00
9.949508736464471870e-01
1.001956116994716872e+00
1.017441478144331946e+00
1.003733882395972943e+00
9.819276003118866392e-01
9.982465032201406352e-01
1.000251111640542589e+00
1.000908081795166771e+00
1.004715962851585820e+00
9.941000230592881293e-01
9.886820619047207437e-01
9.972764796951953947e-01
1.017104182728824080e+00
9.911148126658261281e-01
1.013045911889375095e+00
1.001100268261938764e+00
9.989178209633969852e-01
1.011852536345443587e+00
9.989604860859364610e-01
1.005952674250123025e+00
9.974412925303928201e-01
1.013049460643257627e+00
1.004959212688061099e+00
1.005233138110374513e+00
9.955378341389470309e-01
1.006959778290077878e+00
1.003479497935480635e+00
9.929376264996456758e-01
9.900775421916424568e-01
1.008288009493272686e+00
1.017410957630179968e+00
9.989487630113969008e-01
1.002300773442421633e+00
1.010701435219007127e+00
9.989256880377820336e-01
1.016633067595408058e+00
1.001910356332759156e+00
1.009182924887933153e+00
1.013336683762369184e+00
1.008984374797943229e+00
9.900313270207420357e-01
1.003289372450481665e+00
9.974259807530270194e-01
9.846760870401091159e-01
9.980841143932720483e-01
9.935259233092418318e-01
1.010323175480407620e+00
9.816569850983051237e-01
1.017390011748324108e+00
9.962913447900205721e-01
9.963272484000282869e-01
9.786372499996059959e-01
9.910439665858582492e-01
