2.004758096248458799e+00
2.003810322142080658e+00
2.000858500564933529e+00
2.004559523816299649e+00
2.002944280497733764e+00
2.011771580967323114e+00
2.001399834409223644e+00
2.001805677550194673e+00
2.003554645205326779e+00
2.003681642245879857e+00
2.014187225713347296e+00
2.012512243188860239e+00
2.008013542978903665e+00
2.003689158460852937e+00
2.004097592613383050e+00
2.008249841424936566e+00
2.011213687553433438e+00
2.005001933628723698e+00
2.006874270049781028e+00
2.015788765670089244e+00
2.009307875982925484e+00
2.007291731648150890e+00
2.000891410362455769e+00
2.002218123135514727e+00
2.002539281685908001e+00
2.008806005129764483e+00
2.001355473488654724e+00
2.000362495079711422e+00
2.004668288748931104e+00
2.010734224980387008e+00
2.010181171677995593e+00
2.012550249678296765e+00
2.010244315802958148e+00
2.008625768421615554e+00
2.006508389690937921e+00
2.002636305929632154e+00
2.007840906728218577e+00
2.009057012347752025e+00
2.001552924678895007e+00
2.007783232981023680e+00
2.001224846671529889e+00
2.007480994172643030e+00
2.001999621827174725e+00
2.001493115965828462e+00
2.001418413887378733e+00
2.016878799836725467e+00
2.008353380555049306e+00
2.003179581854506175e+00
2.000894251717962646e+00
2.007302029134389709e+00
2.001819933207808155e+00
2.012167519816772998e+00
2.006662837687016587e+00
2.010904558780358009e+00
2.005167341087484623e+00
2.010373486861279702e+00
2.010001581825993533e+00
2.007720252018705409e+00
2.014167922016587564e+00
2.008079854012034815e+00
2.008004495722726546e+00
2.003949925525528641e+00
2.018054223853363638e+00
2.006994728094623870e+00
2.005110116600614667e+00
2.007391432244190810e+00
2.001825514448216659e+00
2.003376983119885324e+00
2.003932347360285249e+00
2.006963142444719406e+00
2.010228751006277292e+00
2.003670617928581699e+00
2.001705208419165771e+00
2.007683292653100526e+00
2.014478552080311680e+00
2.005491579558920101e+00
2.006348724892654367e+00
2.003697452779988453e+00
2.013007338721422901e+00
2.001513991938336900e+00
2.002155055480650425e+00
2.029951536604912121e+00
2.009952265518112124e+00
2.007497135861329163e+00
2.012617502079390164e+00
2.027583765210062339e+00
2.002408891381672440e+00
2.012515234569918654e+00
2.004416234868696911e+00
2.011013565820914284e+00
2.010488420740128568e+00
2.028504861809531157e+00
2.001402911203347124e+00
2.000026565988131111e+00
2.011401245845601871e+00
2.007844797433703476e+00
2.010131446134572286e+00
2.011539776572662586e+00
2.006622269026760996e+00
2.004615165568516488e+00
2.011959810056058284e+00
2.004945803939379267e+00
2.008788409440211531e+00
2.016026769837842902e+00
2.001992896785409481e+00
2.000111323103252126e+00
2.003266447679418860e+00
2.012683273661243000e+00
2.007811663347393250e+00
2.019079817287410261e+00
2.007494184261006787e+00
2.003385666987928637e+00
2.011845828289836824e+00
2.009458504565785120e+00
2.013360518767083107e+00
2.009664781332600292e+00
2.005988526339498090e+00
2.003535643469229299e+00
2.000695527508805860e+00
2.003949292367101176e+00
2.000578521338328475e+00
2.005663823143619240e+00
2.002860893323231473e+00
2.010401890091993771e+00
2.002787770726493832e+00
2.001019605179938488e+00
2.013935044404433050e+00
2.000751074552054032e+00
2.011477568008618100e+00
2.017923061865076306e+00
2.001343066333776122e+00
2.007690846510405969e+00
2.005985202373026688e+00
2.012717940725746502e+00
2.008812116723618146e+00
2.003551491662170392e+00
2.000018361565325975e+00
2.006457582723918609e+00
2.016058583833780560e+00
2.016591720618857941e+00
2.001572582870745798e+00
2.014696864842950852e+00
2.000430500061243233e+00
2.001156877074471652e+00
2.020925674274987038e+00
2.005042619303853968e+00
2.000885906923444146e+00
2.006267627272938725e+00
2.000577000663961158e+00
2.000204629829941627e+00
2.007725877752120969e+00
2.002671365929342251e+00
2.008783267052442589e+00
2.004313631276538388e+00
2.001663511332134604e+00
2.023603880794818011e+00
2.003176724972478340e+00
2.000775447669566276e+00
2.003558990305908338e+00
2.003199852883350118e+00
2.003837514439087197e+00
2.004603207397978260e+00
2.012901211400796253e+00
2.000747960686290128e+00
2.004587349736635105e+00
2.001300402920954902e+00
2.023178939645285723e+00
2.001809370819620515e+00
2.006398681039694765e+00
2.006414157746098326e+00
2.012240567678734493e+00
2.003470032634419695e+00
2.011164770666038493e+00
2.000329273159838994e+00
2.017783116778254282e+00
2.001240047567172553e+00
2.006426231818358108e+00
2.002185013435649363e+00
2.004783818953437269e+00
2.009159124663794316e+00
2.001790321329599109e+00
2.003696114558888297e+00
2.009890241601889116e+00
2.014127285609283113e+00
2.008261783270233636e+00
2.007088343372648076e+00
2.001374350731395246e+00
2.001842017740455226e+00
2.020103368415688383e+00
2.000032808984178345e+00
2.006481481323107996e+00
2.011608583975918574e+00
2.002655265922715699e+00
2.006102789902142636e+00
2.006615339126804898e+00
2.003314483331197771e+00
2.015397504339642598e+00
2.017663237282480537e+00
2.011438491407658624e+00
2.000107953486031320e+00
2.008912922541885138e+00
2.002943181737091294e+00
2.003404247469951827e+00
2.002318013888480408e+00
2.007906744906195584e+00
2.005910492934516398e+00
2.002443516633657161e+00
2.018127070970519021e+00
2.003036130602083631e+00
2.012176328302815342e+00
2.000308668086774766e+00
2.002313856010556670e+00
2.013305269775657269e+00
2.007306029883405785e+00
2.009237109588998038e+00
2.005647268819624074e+00
2.005746264078290153e+00
2.001573937339868881e+00
2.002153826456065211e+00
2.017308191357319203e+00
2.006073729872392519e+00
2.006298076447240675e+00
2.009631581084793339e+00
2.000176586288935354e+00
2.007245241404701730e+00
2.015672568218689342e+00
2.005478103415747171e+00
2.005409961139244857e+00
2.006008894948021037e+00
2.014494693685135118e+00
2.008566365266715614e+00
2.011390871848750983e+00
2.010718471273649222e+00
2.000636140277809893e+00
2.022271498003880730e+00
2.010457024189594044e+00
2.008039238177820707e+00
2.000564976248461413e+00
2.017257219807494284e+00
2.006253964503300402e+00
2.016887484203675029e+00
2.005494120888048570e+00
2.007990634776360306e+00
2.016040867748127852e+00
2.006121882470368600e+00
2.002263190345697108e+00
2.005591158251522899e+00
2.004966956578650095e+00
2.011005096749962195e+00
2.013999236510334523e+00
2.000141650133490323e+00
2.006642649250701016e+00
2.003405338612650688e+00
2.002069982245825663e+00
2.009619163956174681e+00
2.013828522905268592e+00
2.007436900167038907e+00
2.002446479314181182e+00
2.011485465926995619e+00
2.007061822247859340e+00
2.012886084851273960e+00
2.020761321715877745e+00
2.005507848506002944e+00
2.004099274816255605e+00
2.003602207640335031e+00
2.010133792308560707e+00
2.021603386549116088e+00
2.003652126197370986e+00
2.006143715350482193e+00
2.007973891658068499e+00
2.019716304533821560e+00
2.003139986349128598e+00
2.020439019219420818e+00
2.007105088110253455e+00
2.010948564426578766e+00
2.012244870082878556e+00
2.002072236700804808e+00
2.021988722591010479e+00
2.022185882642714372e+00
2.014902122848526211e+00
2.014087061673011547e+00
2.004198207221072003e+00
2.014387056249034025e+00
2.015801594862473678e+00
2.003395530821614035e+00
2.002149522887474831e+00
2.011624199115602085e+00
2.007998038128983254e+00
2.001352325544060839e+00
2.005221398179867442e+00
2.004276631434986911e+00
2.009520080161962596e+00
2.005523189432960152e+00
2.009286413321755393e+00
2.012736989839618573e+00
2.010475707939086476e+00
2.008703084239278791e+00
2.016646653069113171e+00
2.003148346476066877e+00
2.006842555656777272e+00
2.011602926051178297e+00
2.002837911329137466e+00
2.002677680204748789e+00
2.009994549489983129e+00
2.012226328238121198e+00
2.015716652043721968e+00
2.005934251426944925e+00
2.010677401080004145e+00
2.002153275203404803e+00
2.004041661640655114e+00
2.008972495262279168e+00
2.001859095366367747e+00
2.019872223797143374e+00
2.001604993782953201e+00
2.012124689100567743e+00
2.004093997308202368e+00
2.011051988993387774e+00
2.005296782140953304e+00
2.011397520869323330e+00
2.016347932932140985e+00
2.008318986948332885e+00
2.002063538651240648e+00
2.019473042588081579e+00
2.007241852387596115e+00
2.003038803994016792e+00
2.005349631053971571e+00
2.010784023221732220e+00
2.018301687309191905e+00
2.016652580677492423e+00
2.001762602937614322e+00
2.015118812727837661e+00
2.008213865000641363e+00
2.005367698705171176e+00
2.006175277674495661e+00
2.012603765101136588e+00
2.014135106199459457e+00
2.009465281082700727e+00
2.000731377014751455e+00
2.012996556598872111e+00
2.000321840317792699e+00
2.005053988123115083e+00
2.005872560944297334e+00
2.006819672009904298e+00
2.003255859692597340e+00
2.005503706111233519e+00
2.012404009803041571e+00
2.003458360149287465e+00
2.013137069262144863e+00
2.000157195862505510e+00
2.001794470874921128e+00
2.017671838173426657e+00
2.006266784164584038e+00
2.000635362385127625e+00
2.008574344633528241e+00
2.006049321424311138e+00
2.001109556699693925e+00
2.004496304411047092e+00
2.008646466844109746e+00
2.008890315193848863e+00
2.015739827922265803e+00
2.006606706084856029e+00
2.001312911698799546e+00
2.001424134195469051e+00
2.005470826124928774e+00
2.002337498427140261e+00
2.017418622281541118e+00
2.002682663248809725e+00
2.004892759222959508e+00
2.006918979085036803e+00
2.004254759071293801e+00
2.009597163182963886e+00
2.008481067719373847e+00
2.018580042807093466e+00
2.013712820173048978e+00
2.008440057634461873e+00
2.005910389584892428e+00
2.008652800844404673e+00
2.008804489449940611e+00
2.003435959052022319e+00
2.002243782082545387e+00
2.007024578792476088e+00
2.003940198050528032e+00
2.005017980329439453e+00
2.000020794153810400e+00
2.009941241822371882e+00
2.000725789566152990e+00
2.011111259143361529e+00
2.002629338166835637e+00
2.002074224791813073e+00
2.008397204356977994e+00
2.023419703575367379e+00
2.005547438013335348e+00
2.015022681053331599e+00
2.000773739265885087e+00
2.006860127899817048e+00
2.009943042555347947e+00
2.004878949448449355e+00
2.001625407781850274e+00
2.000192581760216193e+00
2.005039424921948310e+00
2.011281258458279986e+00
2.025085566203426168e+00
2.006155711789516349e+00
2.003773964041204447e+00
2.004478394240312156e+00
2.001151614976968141e+00
2.005961096444321967e+00
2.008879558577717717e+00
2.008813911989258294e+00
2.000159610739084659e+00
2.009002654883184302e+00
2.009618782028540274e+00
2.006755430097117543e+00
2.018981852587976356e+00
2.003283435440905258e+00
2.014381761144926397e+00
2.002195151253153504e+00
2.003335064107719887e+00
2.002589751553892405e+00
2.015671882944102489e+00
2.012573783140517492e+00
2.005966629416350955e+00
2.004916065483634213e+00
2.000161264137871431e+00
2.010365288115932181e+00
2.020784600055712588e+00
2.012170570256754054e+00
2.002955776643222663e+00
2.003368737556060264e+00
2.005558131192382909e+00
2.005339601439251496e+00
2.002946129309989942e+00
2.012521384510787659e+00
2.012371360686768362e+00
2.010462697828332868e+00
2.000062004466551357e+00
2.017218403888970002e+00
2.004352882219952114e+00
2.000360292331269996e+00
2.009071984425750301e+00
2.011160702333880224e+00
2.009724023098296009e+00
2.005098748451938917e+00
2.014714888079955912e+00
2.004614803865552020e+00
2.007335961017217230e+00
2.017464544512154845e+00
2.010937381273366853e+00
2.001186063147091687e+00
2.012134456682243666e+00
2.016412602762772899e+00
2.013505485333064726e+00
2.006363905733023589e+00
2.013498006401481355e+00
2.000946723357203361e+00
2.003233109683169921e+00
2.014928614123185469e+00
2.000517549809483597e+00
2.005200615942612785e+00
2.014689247252536841e+00
2.005897639001285704e+00
2.001059680648253014e+00
2.006095997353966709e+00
2.011036133421920447e+00
2.004063816238711659e+00
2.016649810826540712e+00
2.018681328380961926e+00
2.002112562088040448e+00
2.001169928919840135e+00
2.003833619671907762e+00
2.006246151527493637e+00
2.001975337996496407e+00
2.003066840490756562e+00
2.018169748589745183e+00
2.010646153982436957e+00
2.008350876892346371e+00
2.010494835577357087e+00
2.000034071532554414e+00
2.001829063363832262e+00
2.010149758066558601e+00
2.010648103263382946e+00
2.014419023214263138e+00
2.008133269355989459e+00
2.007650287626530083e+00
2.005194660215657620e+00
2.013235622949809844e+00
2.014385529102077577e+00
2.005983202822485545e+00
2.004881816760419433e+00
2.000630445976320004e+00
2.012533953327552361e+00
2.009766144416479605e+00
2.005798974358102171e+00
2.006797272566039680e+00
2.016147404825196610e+00
2.015353598341082630e+00
2.002257447246667432e+00
2.014280319595610269e+00
2.006877071002936663e+00
2.001330313997401245e+00
2.003997275152537227e+00
2.010049750303862126e+00
2.016028028883924961e+00
2.001358463005924460e+00
2.008560091095268341e+00
2.009868791556336909e+00
2.003523595743398111e+00
2.011615896719985308e+00
2.001295143744665772e+00
2.003042070019790621e+00
2.000006136706394599e+00
2.006766636682931093e+00
2.003354637727914778e+00
2.000977342807478188e+00
2.015485216775720900e+00
2.002509259381225704e+00
2.007820046188185881e+00
2.003461001229524197e+00
2.008342971608580552e+00
2.009395082981593195e+00
2.010885153662610225e+00
2.003784823252068747e+00
2.000590999973110407e+00
2.014572665711567012e+00
2.021281685825470742e+00
2.015710634678064217e+00
2.001034409895924071e+00
2.012345889789241671e+00
2.006505939363449897e+00
2.008972505032172950e+00
2.008597329705533507e+00
2.007283274131881790e+00
2.009806920342628089e+00
2.008680946609300300e+00
2.007982652679584312e+00
2.001794796892870654e+00
2.014855518237323562e+00
2.011539056283707438e+00
2.020723329644917854e+00
2.012524812915325256e+00
2.008080680349320080e+00
2.017206816154506477e+00
2.009394423710956445e+00
2.003978949845812263e+00
2.002211567173503681e+00
2.008464105976406788e+00
2.011127556559374252e+00
2.013467432589899797e+00
2.003645032065122678e+00
2.016427480398601979e+00
2.008002100148326363e+00
2.010828857242830559e+00
2.012986940095339961e+00
2.018039937463824263e+00
2.003707918559246792e+00
2.005120829436163543e+00
2.016330312581660955e+00
2.013793827435213402e+00
2.005216107995876573e+00
2.006220280069750395e+00
2.010696241367196713e+00
2.000766327366330088e+00
2.004765633736086183e+00
2.002606964819326318e+00
2.007021181929350195e+00
2.012004049871809919e+00
2.001631175219703351e+00
2.024105262574330766e+00
2.006216844234337771e+00
2.012027571776376700e+00
2.004557981907147735e+00
2.006538924606582341e+00
2.020776598986059991e+00
2.010118675010149403e+00
2.000320702373886927e+00
2.002941488409999859e+00
2.003299480788036213e+00
2.020171301928765928e+00
2.011939206512422196e+00
2.009879001599191639e+00
2.000871688437789508e+00
2.012862506200400858e+00
2.002290665142873127e+00
2.001870502907739713e+00
2.015004579663810969e+00
2.000062961211718005e+00
2.000791781061416863e+00
2.017331094347069254e+00
2.003197950265521499e+00
2.012061691379251283e+00
2.009451132800042394e+00
2.001407459516774345e+00
2.012612542945792171e+00
2.002621978280703097e+00
2.010226974257733001e+00
2.004956025068665326e+00
2.007442737440395142e+00
2.019083336626987801e+00
2.003298413486016116e+00
2.003857073081107387e+00
2.003741881464433661e+00
2.004803532103307084e+00
2.007978917206461045e+00
2.012761306958253726e+00
2.016013577440768145e+00
2.000765565653885858e+00
2.009313769825682439e+00
2.008253114812659668e+00
2.008404014188415854e+00
2.012568484273471459e+00
2.018474927667481822e+00
2.011412546291854397e+00
2.002161912788984477e+00
2.019780222143263693e+00
2.014865645613948875e+00
2.003837637170757358e+00
2.001534064962760873e+00
2.012924960637165306e+00
2.022219878617021571e+00
2.001600304582670020e+00
2.009338152743101791e+00
2.000122957356656350e+00
2.000443782280763472e+00
2.012347122328105087e+00
2.013206493017517751e+00
2.004515447219747060e+00
2.005928985759691585e+00
2.012195718342792095e+00
2.014588333815226395e+00
2.003522581329798324e+00
2.012323200702429205e+00
2.002537816147833993e+00
2.005919777533545556e+00
2.010735071683066533e+00
2.010026016683246652e+00
2.006759584567145538e+00
2.009702234659897169e+00
2.000632046552886845e+00
2.003684858337493324e+00
2.002737055331592408e+00
2.001024144066978927e+00
2.002625835467060078e+00
2.014673099133525991e+00
2.016157870407262465e+00
2.007251939837641608e+00
2.006481118199735292e+00
2.006157148138834501e+00
2.020184517139018254e+00
2.018682922758213039e+00
2.002739844761880939e+00
2.001190134385158359e+00
2.000680276136606039e+00
2.004630866399564226e+00
2.005481565270384792e+00
2.003146954096032495e+00
2.017377246254114187e+00
2.013881014970420935e+00
2.011322084118802422e+00
2.006473429271341313e+00
2.015722284081503002e+00
2.019005234696171769e+00
2.015773086055373753e+00
2.003327216646385800e+00
2.014828816267067779e+00
2.004529582461121784e+00
2.001546914436352242e+00
2.011302159757805796e+00
2.013008807891643492e+00
2.024115851086584872e+00
2.006428198474930813e+00
2.003190940814032928e+00
2.000818260720930830e+00
2.005418353423406685e+00
2.007992761337382248e+00
2.006668900587673221e+00
2.002048979664755812e+00
2.004824903857488572e+00
2.017247545558952915e+00
2.006098726976276225e+00
2.006916463392858674e+00
2.006289795471086990e+00
2.005010678251046841e+00
2.000758523209521300e+00
2.002904993558661140e+00
2.006723639047208074e+00
2.008113842888728406e+00
2.006384928368436071e+00
2.004717718273614668e+00
2.012853448386938915e+00
2.010213046738184683e+00
2.019022973591794834e+00
2.000346744757777628e+00
2.011312986481439857e+00
2.000767909708366155e+00
2.003721164520842812e+00
2.017203214823654722e+00
2.012088043896951284e+00
2.009546234495869221e+00
2.005224132574340956e+00
2.000623212887869151e+00
2.003312577198459454e+00
2.006426835911983009e+00
2.005557774212054056e+00
2.006081253303940493e+00
2.000378956216009918e+00
2.008990330332983909e+00
2.005973826522825298e+00
2.000209862695535357e+00
2.018569213641616678e+00
2.002496819374274928e+00
2.002135881222562919e+00
2.011578027161114779e+00
2.004505995863170131e+00
2.008594311765415696e+00
2.000074573301659164e+00
2.005684478753018141e+00
2.000310457736816705e+00
2.002650071908946394e+00
2.002458371685601257e+00
2.021482418837694972e+00
2.003874766512161010e+00
2.013950047019851475e+00
2.005528306546649375e+00
2.014750531933425570e+00
2.009561387080197825e+00
2.000088651534333462e+00
2.001399480040616741e+00
2.000391891070607109e+00
2.001132919128136844e+00
2.002789532096042713e+00
2.012357857177257792e+00
2.011069855930983419e+00
2.003108072990020361e+00
2.005091727801749713e+00
2.014653241268871575e+00
2.000905198846904209e+00
2.007777623479436002e+00
2.001442760508477470e+00
2.026264124570241520e+00
2.005835156836722533e+00
2.017103576304841717e+00
2.001923981903686034e+00
2.025014826170927762e+00
2.000741938054166891e+00
2.000737155115927646e+00
2.013438854355316998e+00
2.012120208509657004e+00
2.003150382795154449e+00
2.003136057219699229e+00
2.006301124841365358e+00
2.018886033689964776e+00
2.008856554146726481e+00
2.013731104821641971e+00
2.014937629798246199e+00
2.001688513161701266e+00
2.008016522680354576e+00
2.024152650818356491e+00
2.001198361354270538e+00
2.005863340650853033e+00
2.011819850567429846e+00
2.024811862086613345e+00
2.001501996470028022e+00
2.005292203484111191e+00
2.011526056620914993e+00
2.008282587909829608e+00
2.015393490004398824e+00
2.001280251316904124e+00
2.007405734484331461e+00
2.008551813003958131e+00
2.013167160888958307e+00
2.014163930777503886e+00
2.006324159889873116e+00
2.008464412263928800e+00
2.000098155230958685e+00
2.010092990955477887e+00
2.000193077185398849e+00
2.009255908695007697e+00
2.006816350129704496e+00
2.019728202268563422e+00
2.002052635086282173e+00
2.004997382567363928e+00
2.014573601842909234e+00
2.006946214286038810e+00
2.013177869315734281e+00
2.006840485730847057e+00
2.009956086097025363e+00
2.015512683463465571e+00
2.000685696663747848e+00
2.015484245163752686e+00
2.002255871887244965e+00
2.011582989253757781e+00
2.007794808518661434e+00
2.004289269061812817e+00
2.020133477215978690e+00
2.014022574003472954e+00
2.003648629258067082e+00
2.002561123979222923e+00
2.004649340682755465e+00
2.004278218466361228e+00
2.002010312681439252e+00
2.018444111996975820e+00
2.015771047079697453e+00
2.015239671864174298e+00
2.006044883563983472e+00
2.012466342985329781e+00
2.004668387802745588e+00
2.014693988185194407e+00
2.016645515801037014e+00
2.007336642779199209e+00
2.006355137592255478e+00
2.007245321378257508e+00
2.003021723732531179e+00
2.001150704029736271e+00
2.005041946302279054e+00
2.012317507234676839e+00
2.009942753721257525e+00
2.014003869979803518e+00
2.005981338770411071e+00
2.001559612966255841e+00
2.007082568815584889e+00
2.000493798258466960e+00
2.005676173275224627e+00
2.002544771905594434e+00
2.014117235365217695e+00
2.001618522983890536e+00
2.006331372765008059e+00
2.005016665389289354e+00
2.014155842250433537e+00
2.007723763295592434e+00
2.006336218523210757e+00
2.008319882808816459e+00
2.002943563445096053e+00
2.007062638203703564e+00
2.004525018459459851e+00
2.001365631302194359e+00
2.012518122441493862e+00
2.004674490294014344e+00
2.003559983606785888e+00
2.000007119822112323e+00
2.000475208460144039e+00
2.003201752851523132e+00
2.004242830827791533e+00
2.010305329689257015e+00
2.004781566784074265e+00
2.012656858763362422e+00
2.008161418431388512e+00
2.004532351746544094e+00
2.001980224585731882e+00
2.000017116672619277e+00
2.004988003297480503e+00
2.005325028694663114e+00
2.004717696888251410e+00
2.012822291237620576e+00
2.001197228496609970e+00
2.001441171170236899e+00
2.002960826091669588e+00
2.006940445513152760e+00
2.010892165890143968e+00
2.016508169048794041e+00
2.003403057780082541e+00
2.001604257833083711e+00
2.006868769461688462e+00
2.003836789340490920e+00
2.023622193761001498e+00
2.000498209718812426e+00
2.002409158381745602e+00
2.011540596800786229e+00
2.005034249033937677e+00
2.007734100080634132e+00
2.013202554532302901e+00
2.009642169052362703e+00
2.008450580219043324e+00
2.009944226487818675e+00
2.000803878492382282e+00
2.001225483315643316e+00
2.008522212347643165e+00
2.004772996417369058e+00
2.026980816049289480e+00
2.013359776092013220e+00
2.017742436439499798e+00
2.002275142083396631e+00
2.008835182014754750e+00
2.000348518844466739e+00
2.011103635136962442e+00
2.000527986493970012e+00
2.009786755116142576e+00
2.002686428853948541e+00
2.008231809388261624e+00
2.003520905063031599e+00
2.000280056194540190e+00
2.010020617686916644e+00
2.005939401496754648e+00
2.010854449961613888e+00
2.000704098415394760e+00
2.007204824206159977e+00
2.000678813141957502e+00
2.001807786624722141e+00
2.012326550245930434e+00
2.002898316102116549e+00
2.001169137055904379e+00
2.001781895237607856e+00
2.001777114041369821e+00
2.014102893514730486e+00
2.008209931187265873e+00
2.012541426536269107e+00
2.003272545798008508e+00
2.008864962759119965e+00
2.016280264559533464e+00
2.007265754364650157e+00
2.015077569333055152e+00
2.002760066425318008e+00
2.021005122417654398e+00
2.000997753667834722e+00
2.011726243565746586e+00
2.002548670641119521e+00
2.001466251884968628e+00
2.007680064978764278e+00
2.004072374302642068e+00
2.002818209484432010e+00
2.005797810865789899e+00
2.024509720061933304e+00
2.008982907889320213e+00
2.003555879012592911e+00
2.023919410996974921e+00
2.003563385908351258e+00
2.010751863606345502e+00
2.003353273952952041e+00
2.012060868061141150e+00
2.009196522720037237e+00
2.007911793684526103e+00
2.006092721733465645e+00
2.003083548055852869e+00
2.008556017696242257e+00
2.015219843146471845e+00
2.000391395808431838e+00
2.011046568207102148e+00
2.015445585603711010e+00
2.008691269619618858e+00
2.003288526337126285e+00
2.004544932466925999e+00
2.011425708854201133e+00
2.004758686174293203e+00
2.000100910548453292e+00
2.001322752496793367e+00
2.003645732435100690e+00
2.005130852696019872e+00
2.004723753729668712e+00
2.012937567121739768e+00
2.002806022474800329e+00
2.005376851303736885e+00
2.013166041338222634e+00
2.012571347707165614e+00
2.002593972384161702e+00
2.004720236460975968e+00
2.001966405138422722e+00
2.001128578376386358e+00
2.007599189688137109e+00
2.004105939215519161e+00
2.006939753947849514e+00
2.008174394509118166e+00
2.008497855444987934e+00
2.018679096361570835e+00
2.002976316895396458e+00
2.016241708330615889e+00
2.000641762839938664e+00
2.000379855685452846e+00
2.001363740566326488e+00
2.009190896501170442e+00
2.007206284142047714e+00
2.002040498848277839e+00
2.001859367456489291e+00
2.007192286610628429e+00
2.020180772022034610e+00
2.002304226946107768e+00
2.003297748572461678e+00
2.001512959575977746e+00
2.008291784098155119e+00
2.017760007215280815e+00
2.003020322859646374e+00
2.006297560909398037e+00
2.016704224262464873e+00
2.010501936695584746e+00
2.007173800875345471e+00
2.009107649576167276e+00
2.011004558690538957e+00
2.010950647025639526e+00
2.006490095074534352e+00
2.003594159639847216e+00
2.002606245748778768e+00
2.017286810627413995e+00
2.000728687548074536e+00
2.004346219107132399e+00
2.010114254260526145e+00
2.008388543689614725e+00
2.005710717581555613e+00
2.001306546084875571e+00
2.001752939746229032e+00
2.010250118485995330e+00
2.006470350369197853e+00
2.004380279991876179e+00
