1.033045902844232034e+00
1.000503170053238966e+00
1.025398158700320472e+00
1.042050055750858961e+00
1.002199757549477432e+00
1.061716328882900129e+00
1.028167070711999198e+00
1.001533342559510320e+00
1.011371385453839311e+00
1.078778838641841098e+00
1.032308756656843407e+00
1.005389592911112073e+00
1.014700766047875735e+00
1.024239118882808164e+00
1.001047564912486365e+00
1.021582675093939852e+00
1.026237595464941643e+00
1.012377959804259264e+00
1.032748518098462132e+00
1.046131395099704431e+00
1.011967211969388325e+00
1.035029311031233412e+00
1.036454484714003588e+00
1.077066865633943493e+00
1.048656794682067295e+00
1.057029366779020263e+00
1.026297221261859516e+00
1.009351404058845825e+00
1.108117038822088229e+00
1.006495867808456346e+00
1.025131506075909638e+00
1.003408586286323345e+00
1.075618135962212563e+00
1.083132685206642742e+00
1.042984063415806739e+00
1.018097598368018053e+00
1.012940645955908270e+00
1.013517359183297106e+00
1.006391440521578584e+00
1.028535201407123179e+00
1.007128015672776877e+00
1.016273657966470179e+00
1.035486939527509032e+00
1.043717557595799761e+00
1.001213753934091732e+00
1.022660511590513632e+00
1.037411821955263713e+00
1.057714726400237559e+00
1.025367497945674167e+00
1.085084476135416143e+00
1.013534787926766878e+00
1.000675429843274067e+00
1.025884868781208104e+00
1.013031895260294135e+00
1.053814748025586834e+00
1.011807232089048325e+00
1.015942835446107750e+00
1.050042823898316824e+00
1.042607818291044097e+00
1.030654853130587911e+00
1.041719407419098298e+00
1.021989853448517449e+00
1.000265489556317000e+00
1.000567743895455441e+00
1.027602275919383246e+00
1.004171868388683109e+00
1.002555369001714380e+00
1.083390854716541618e+00
1.058542065880633931e+00
1.007647269284565494e+00
1.000033209085329444e+00
1.074976231730797149e+00
1.014208728417391070e+00
1.009379616123276202e+00
1.040578776042647924e+00
1.005461808792153855e+00
1.013482759142777079e+00
1.088152304742385335e+00
1.036442408818906591e+00
1.028205290389423876e+00
1.020794714031829642e+00
1.048263604157101625e+00
1.007084344355241301e+00
1.084208041152457502e+00
1.058853206733113561e+00
1.034821219520438040e+00
1.002146219497468849e+00
1.041368526860194876e+00
1.067989281429344572e+00
1.028455820203493687e+00
1.018332301316053456e+00
1.006036366160965922e+00
1.046293257424307122e+00
1.062636769203453957e+00
1.005025498092161129e+00
1.046694446456013949e+00
1.000853041503211527e+00
1.084078786691600627e+00
1.034631805910154023e+00
1.030279829656758128e+00
1.015151311478468044e+00
1.071658969187078814e+00
1.013549246453492758e+00
1.054367243372972274e+00
1.094998348546442291e+00
1.049197729054552664e+00
1.028097186860894352e+00
1.003307293813148426e+00
1.025189788002687452e+00
1.023139961045067992e+00
1.010250328238374573e+00
1.022278329477751768e+00
1.018528727035901360e+00
1.008241703088326169e+00
1.023324505503158344e+00
1.013384916963472770e+00
1.028294126144925880e+00
1.001758471413911389e+00
1.066539434148226162e+00
1.052919478729831715e+00
1.030289303876594120e+00
1.057511955277204541e+00
1.082066202607765204e+00
1.005543501414069452e+00
1.035793698422468267e+00
1.113075239492596236e+00
1.097511038224940005e+00
1.033786030577358295e+00
1.006428250347535913e+00
1.032369282846691938e+00
1.000103226149047675e+00
1.010049748762905653e+00
1.079648264214975173e+00
1.017021134542551497e+00
1.036361266158442707e+00
1.014343763595650705e+00
1.076838308574628922e+00
1.043809899171131095e+00
1.016977935778987874e+00
1.050101269271269899e+00
1.005424556808691028e+00
1.020474900262925866e+00
1.011205129767598132e+00
1.039933190941303431e+00
1.005136107608685991e+00
1.020743635987138243e+00
1.014119534362560859e+00
1.027293592554794133e+00
1.018092327865184554e+00
1.041845583787906593e+00
1.001228976166187223e+00
1.036029740017022194e+00
1.011692316699480454e+00
1.013697778594051524e+00
1.051045725686427179e+00
1.079447882897591082e+00
1.016263857674964521e+00
1.054198822612929076e+00
1.005213980135765572e+00
1.036029344837642974e+00
1.045917406164945440e+00
1.007848533939003755e+00
1.022419454923521265e+00
1.063981186514911137e+00
1.005193187357753759e+00
1.000904844726710374e+00
1.032884766454654324e+00
1.022979124607962920e+00
1.050869427158652059e+00
1.070251904808046106e+00
1.015323547380763136e+00
1.020252089373091309e+00
1.026040355541369742e+00
1.032714449332230444e+00
1.093977044834757217e+00
1.041068794080377113e+00
1.020317156694204641e+00
1.013436097838525951e+00
1.075850731213511269e+00
1.006809797117493854e+00
1.043062235683339223e+00
1.070709845631732993e+00
1.038394146111811134e+00
1.022247205240737200e+00
1.010053856477605816e+00
1.019071312486736991e+00
1.041885462328249634e+00
1.037211721189540636e+00
1.071334041102957269e+00
1.059713544995089185e+00
1.052893872846122125e+00
1.067603784353313490e+00
1.014102902979353571e+00
1.019186123098642760e+00
1.019769881029440883e+00
1.030816009432680813e+00
1.038676656325171033e+00
1.014656494647428797e+00
1.000973165212079685e+00
1.020869366491621522e+00
1.015829157634435820e+00
1.075126485626905382e+00
1.063195419394227459e+00
1.058733586105290003e+00
1.037479638615767419e+00
1.017782256881746505e+00
1.030041338755513181e+00
1.052783126161298322e+00
1.004942794330156763e+00
1.051138334321269241e+00
1.002059784954280719e+00
1.052926284012391411e+00
1.051881712858112827e+00
1.002551953671440899e+00
1.035520613991510075e+00
1.027048644347493767e+00
1.008555285257742851e+00
1.007461582586543836e+00
1.048135281477450054e+00
1.031305507349598027e+00
1.093314957765731288e+00
1.092753321276761280e+00
1.103015194711861380e+00
1.005952341213969703e+00
1.074010156105689839e+00
1.012424739075399094e+00
1.024329810442059063e+00
1.046538856782544880e+00
1.010292952945339273e+00
1.031211795574540346e+00
1.009375460985351802e+00
1.005251561706715480e+00
1.005848376665115618e+00
1.018522112199566676e+00
1.000232730204184683e+00
1.022352300329449681e+00
1.038357034758066622e+00
1.021010755003128434e+00
1.004297745990360813e+00
1.003137482882272336e+00
1.014197610473284161e+00
1.008529361573748284e+00
1.083206519259181322e+00
1.007606690394292182e+00
1.051639023030868980e+00
1.032571907779659570e+00
1.031413887340906443e+00
1.027656789908193868e+00
1.086354680352801694e+00
1.018868190818780217e+00
1.049682721420089448e+00
1.030470278344402857e+00
1.020664054602713255e+00
1.079411091387628474e+00
1.033429729766983440e+00
1.005967579782567789e+00
1.021926049007196857e+00
1.049004972764216781e+00
1.040766489396932393e+00
1.068646216344402378e+00
1.013204080538864460e+00
1.046616382138441548e+00
1.024429923721109414e+00
1.031708943650753829e+00
1.079261242210672656e+00
1.090701406528679751e+00
1.058922355780312019e+00
1.018603298683799618e+00
1.063097346397546161e+00
1.036377825814299936e+00
1.022653514695852639e+00
1.001787629563946291e+00
1.047813922923778396e+00
1.027026811667978379e+00
1.049496492599447439e+00
1.045627815213521439e+00
1.050299727758452928e+00
1.015404150629934499e+00
1.051107073687378213e+00
1.030041143942965309e+00
1.025245435130212934e+00
1.039231561247957680e+00
1.001068001603992563e+00
1.005129581162016894e+00
1.014948863962376491e+00
1.093308101544205435e+00
1.007022813567680419e+00
1.017029658719925456e+00
1.002554246001963634e+00
1.017066482964726237e+00
1.016469134762633786e+00
1.076519699148164921e+00
1.056591930093705223e+00
1.019932195353517423e+00
1.001238581886812806e+00
1.054732727462484254e+00
1.038068158767763816e+00
1.007664442861452292e+00
1.108619318223651007e+00
1.005024575559507971e+00
1.059752215830675803e+00
1.015060910601782940e+00
1.022968624877410804e+00
1.050508664280586757e+00
1.039424705605617394e+00
1.073901944878776549e+00
1.035076318809933227e+00
1.004902482076413861e+00
1.062524314027062600e+00
1.047714723609137755e+00
1.042320349922396083e+00
1.002688550838916726e+00
1.020697718468401405e+00
1.008433389912350542e+00
1.053591423264628624e+00
1.041340625052421753e+00
1.062307637115718961e+00
1.083861539825645259e+00
1.048289151551849763e+00
1.105339743196916746e+00
1.034610854345204833e+00
1.001857043783116463e+00
1.000712573794328319e+00
1.017661731235647293e+00
1.053784366037159970e+00
1.059603127197164429e+00
1.081427609880702745e+00
1.003259495937735668e+00
1.002229585524569755e+00
1.067989123603708457e+00
1.015641102347074831e+00
1.030650572280449317e+00
1.092898892323886040e+00
1.020939641024741107e+00
1.038489818383577568e+00
1.020964359982032166e+00
1.047617008898513946e+00
1.028658229013995395e+00
1.012055547161508251e+00
1.013835547537818238e+00
1.013134505208190150e+00
1.028956671170239812e+00
1.041568196100580490e+00
1.077304820995317991e+00
1.040795103577605074e+00
1.048963818517287594e+00
1.008509590521336596e+00
1.019441122599464622e+00
1.021707969323634613e+00
1.040152179859513470e+00
1.015148203682817662e+00
1.015546441677516842e+00
1.018424776951561084e+00
1.052200855071800945e+00
1.031982157427164593e+00
1.003769225216494920e+00
1.003918344946691077e+00
1.019285095533625451e+00
1.047454559317183120e+00
1.040343218733282393e+00
1.041981652355888466e+00
1.047517174067123413e+00
1.014679811086103944e+00
1.030002046051525344e+00
1.029678219781756887e+00
1.044832812533230015e+00
1.079921429318147830e+00
1.014190871194250887e+00
1.050268249794441777e+00
1.038023703150712462e+00
1.032164732256898088e+00
1.048302848482574046e+00
1.075672421529420220e+00
1.001835112356301183e+00
1.007411790403965890e+00
1.046428917592520991e+00
1.004197022919815385e+00
1.027914081747186348e+00
1.011134567766100556e+00
1.013994342914125601e+00
1.041452674382939314e+00
1.001509913163020515e+00
1.060716198868483895e+00
1.023508752438590852e+00
1.027044887829784647e+00
1.029461079122471201e+00
1.036905316082622930e+00
1.017813578376552286e+00
1.005068624976135139e+00
1.016363218067852348e+00
1.008469499956876625e+00
1.030526380817658127e+00
1.016344177071127675e+00
1.080366686839939527e+00
1.083486694932840555e+00
1.035001880016040099e+00
1.034809556919601192e+00
1.095226312758620812e+00
1.063024985916479759e+00
1.047301188445087128e+00
1.016103265574664904e+00
1.018962919937896672e+00
1.010171336509423146e+00
1.026094517121826755e+00
1.100130675952682546e+00
1.067750237840646488e+00
1.005938889958867044e+00
1.001259652549043144e+00
1.065070326586356808e+00
1.029272689803974350e+00
1.010115736316314905e+00
1.039112630241322055e+00
1.036804337677520671e+00
1.006127825420463973e+00
1.013215846848419810e+00
1.003006559658045083e+00
1.010615752272512990e+00
1.006645358694779446e+00
1.009757180792460796e+00
1.040076697037300102e+00
1.002476430588001843e+00
1.005106282485457081e+00
1.006740068152797596e+00
1.016263364088691556e+00
1.015301848711584798e+00
1.012976548747972938e+00
1.045869546875931144e+00
1.113153694831003460e+00
1.029064477856492354e+00
1.075723439032980178e+00
1.020719863269017758e+00
1.005349731505644106e+00
1.021418517667864068e+00
1.015160870075700217e+00
1.026482876477102568e+00
1.037794411600703182e+00
1.024500754479798159e+00
1.073169448277112803e+00
1.062593014644917400e+00
1.041464404270582289e+00
1.026251625709237336e+00
1.006614013167840271e+00
1.020742940205689120e+00
1.041672363411900726e+00
1.014558628559246056e+00
1.005213840944596981e+00
1.066874247665855258e+00
1.042074426450692037e+00
1.034647693533176760e+00
1.050182163450383843e+00
1.055327153586025135e+00
1.025866756783961664e+00
1.061991791728153389e+00
1.068663376237708906e+00
1.013848552385900659e+00
1.034088591636766585e+00
1.028585203981375873e+00
1.029323401541238248e+00
1.073846557579940519e+00
1.015648766533575609e+00
1.093648601378879537e+00
1.065735196131192719e+00
1.024360535235613323e+00
1.053050387657379350e+00
1.047703672318326396e+00
1.039456135083889343e+00
1.016442342317544822e+00
1.009922844511765838e+00
1.038941575763520309e+00
1.056296843799389595e+00
1.000812650115304514e+00
1.036696077128229199e+00
1.023413390661893851e+00
1.064967293620577404e+00
1.016531554956321415e+00
1.025297845736464097e+00
1.027827620897075578e+00
1.007058040216093353e+00
1.042409869701966363e+00
1.054662079948662790e+00
1.002897835571381124e+00
1.014906595648408905e+00
1.001902845679148335e+00
1.079801654315173387e+00
1.038593005813379433e+00
1.082821206259303448e+00
1.028903025011537853e+00
1.051251022014028313e+00
1.019460894307103738e+00
1.018309769240077101e+00
1.019678071384531481e+00
1.037858404320655126e+00
1.018623136435962806e+00
1.065397269785625323e+00
1.093525762163500392e+00
1.001521608009788400e+00
1.009777115116016644e+00
1.005630728308343214e+00
1.002119075286877603e+00
1.011544712606825769e+00
1.023646417352879645e+00
1.055502627222616230e+00
1.011236638917374142e+00
1.026516393816330419e+00
1.071740493027430574e+00
1.038596659957129464e+00
1.050801010585100670e+00
1.030183694934102334e+00
1.091490435042448359e+00
1.032750136693428189e+00
1.002276637646620561e+00
1.010001843213536477e+00
1.021188044454168997e+00
1.033640127182830604e+00
1.047998573762847219e+00
1.021667771690870419e+00
1.042162115196837657e+00
1.049894677532008824e+00
1.016302421533693545e+00
1.090690896337279892e+00
1.037221145425150537e+00
1.061960210619337097e+00
1.030513304456721624e+00
1.045017936115657964e+00
1.047856435959882981e+00
1.066945125269622707e+00
1.007561870987068842e+00
1.030670426604605394e+00
1.022558595912771651e+00
1.070182698765053786e+00
1.005269645806561085e+00
1.092994838983724293e+00
1.061055688494399574e+00
1.003696362755032156e+00
1.026331144179596810e+00
1.042821471080070506e+00
1.044694317432936392e+00
1.066591887744817724e+00
1.051001718265303309e+00
1.015959138805914597e+00
1.026796668431019022e+00
1.041447994106386110e+00
1.006956363540457922e+00
1.009796047717096634e+00
1.025718016997227089e+00
1.015274713149625585e+00
1.059065999578846506e+00
1.032583706793661404e+00
1.018024096520275812e+00
1.057096830399027798e+00
1.051571913890054999e+00
1.114091807068887885e+00
1.056886391492559030e+00
1.021747158405035494e+00
1.006401814572645881e+00
1.055984598514822626e+00
1.002990513207394629e+00
1.018113017033928536e+00
1.069399024660495634e+00
1.081409333511220261e+00
1.036525913004515465e+00
1.040340299665927448e+00
1.002123603480367331e+00
1.027809361097952623e+00
1.029910179835929807e+00
1.017551393022908313e+00
1.003433863951170846e+00
1.011605533677485624e+00
1.018541309939168915e+00
1.022956157518693621e+00
1.032908700360132492e+00
1.043252440439814688e+00
1.016322615631381820e+00
1.016939788904196673e+00
1.000984626776867170e+00
1.002044519163688863e+00
1.013121972823824324e+00
1.044890248994937210e+00
1.035606213037436607e+00
1.047779303019164887e+00
1.047690688184575780e+00
1.058189046045778126e+00
1.043067003200801812e+00
1.090522257266089312e+00
1.065105565465443993e+00
1.032614359673209803e+00
1.032714883135088080e+00
1.001713780852988789e+00
1.114602588193258192e+00
1.006608372737791024e+00
1.044899841649354899e+00
1.053482605160334762e+00
1.019384421253886508e+00
1.009943524449182561e+00
1.004950327197186466e+00
1.045683747629337246e+00
1.023996260434411498e+00
1.042482339567495364e+00
1.068443759240969682e+00
1.007370271601544687e+00
1.069271686630415275e+00
1.021583308114123678e+00
1.015652993136484827e+00
1.075384013956762752e+00
1.100458900424292175e+00
1.010048762326661631e+00
1.037778372630143942e+00
1.005340291470483427e+00
1.037318190073328594e+00
1.054262489261484692e+00
1.039996780558737344e+00
1.021914077527050768e+00
1.019949300238248924e+00
1.020520708246139829e+00
1.032823569251129170e+00
1.062054843180900487e+00
1.071602931144293169e+00
1.002678332079841583e+00
1.009160049783893953e+00
1.005629431762206316e+00
1.009762246498463023e+00
1.017910314352650891e+00
1.027305505210664771e+00
1.035691549458014338e+00
1.044137758368853586e+00
1.063519073254332481e+00
1.098725409269506237e+00
1.038251017282238342e+00
1.056620567295112778e+00
1.048631939063166651e+00
1.015775323160576393e+00
1.061094335123000443e+00
1.002139057004378442e+00
1.000018366166190553e+00
1.013964417931293438e+00
1.024563952104217579e+00
1.036359209729265984e+00
1.005102030810974378e+00
1.039060798826881848e+00
1.051222330014896178e+00
1.009349571393154399e+00
1.021785927933342553e+00
1.028160893462409575e+00
1.023945612432886954e+00
1.050997716720512898e+00
1.081312758560354137e+00
1.050899062470252332e+00
1.003905620854443681e+00
1.051578471850646457e+00
1.003333485864738028e+00
1.011974331431269247e+00
1.007701743251347315e+00
1.009977925441054358e+00
1.028697044248458647e+00
1.038954600479539359e+00
1.025062351564960839e+00
1.080989103785846117e+00
1.012200511124881741e+00
1.047107612263287191e+00
1.060224428645549777e+00
1.030924800854140067e+00
1.024210222317211816e+00
1.033278853046984747e+00
1.022583878676899261e+00
1.030463581045900634e+00
1.021890891227896780e+00
1.020940855229150346e+00
1.040901140445873008e+00
1.004652773210222394e+00
1.008387706284500140e+00
1.057426332837774208e+00
1.047911022345807242e+00
1.014375451023643127e+00
1.019621725270790646e+00
1.070860967033062883e+00
1.053125653870284228e+00
1.034580070703903010e+00
1.011219276552250079e+00
1.002213604800059832e+00
1.022727570515030715e+00
1.039029963770855991e+00
1.054409315571297245e+00
1.057635979531609483e+00
1.001639162529477822e+00
1.012403093772880514e+00
1.017496021314328702e+00
1.009525351615000455e+00
1.051354223278002653e+00
1.047543072385413332e+00
1.027959342500056827e+00
1.093259838257952588e+00
1.007241895149670885e+00
1.065261458456936650e+00
1.005843557826682888e+00
1.008216039346346848e+00
1.040974808188364742e+00
1.005495418376007200e+00
1.031180181145994412e+00
1.022082764184382375e+00
1.043802179547097753e+00
1.065455904096965334e+00
1.047787721737114541e+00
1.057215739972445778e+00
1.001647646577129569e+00
1.015919360732375321e+00
1.027870050126078683e+00
1.021833963683903779e+00
1.011727994549747267e+00
1.015793809919422142e+00
1.076095197962317229e+00
1.015056333503981056e+00
1.018314492824230699e+00
1.000185479030808899e+00
1.056581532033372239e+00
1.007790578978687623e+00
1.010320001805051549e+00
1.012987127491786321e+00
1.062568743706708840e+00
1.010439301930954770e+00
1.050739176562372368e+00
1.051938060458148305e+00
1.071100927875347608e+00
1.005797983311467858e+00
1.011000447845495254e+00
1.045140135997846054e+00
1.009899632146874948e+00
1.014635796942525481e+00
1.008397903101012627e+00
1.008702522871671503e+00
1.025749433833160973e+00
1.005501140366467761e+00
1.016543791051320866e+00
1.022454067806054079e+00
1.001227530175929248e+00
1.020248057049702339e+00
1.004716768236719737e+00
1.026493557352304853e+00
1.054065521458903865e+00
1.053167343225762664e+00
1.004029004339307640e+00
1.033636608557968239e+00
1.055189584577529871e+00
1.012079062259092721e+00
1.046986423350467543e+00
1.063634497854775818e+00
1.051715240052812916e+00
1.005380938496452936e+00
1.000452984451411176e+00
1.009679311213698139e+00
1.013791565883784607e+00
1.034713698718559449e+00
1.020017657393389898e+00
1.041586904840552164e+00
1.018268468571083218e+00
1.007769419728140603e+00
1.016054440176958895e+00
1.062518184861604764e+00
1.080542495922758750e+00
1.010494213212728365e+00
1.049742533469117056e+00
1.013944020160187698e+00
1.062998772030204986e+00
1.008336785391440227e+00
1.038496850499781798e+00
1.004218133813590930e+00
1.087483580885989065e+00
1.041349557695144812e+00
1.056141449828611245e+00
1.031236051669755849e+00
1.025457831669585484e+00
1.035130847769838880e+00
1.028724625919541280e+00
1.025005373881654247e+00
1.046740499084623410e+00
1.008984530254662282e+00
1.008624486141728172e+00
1.022761939420102406e+00
1.016492082455622725e+00
1.003711337803921522e+00
1.056499100739153985e+00
1.047964895153360221e+00
1.029715686091370319e+00
1.090726411291100373e+00
1.003634797445219329e+00
1.047462468095621491e+00
1.013573858009433781e+00
1.019134275009902169e+00
1.011104354695844476e+00
1.049804287776449518e+00
1.007251122882181882e+00
1.055901609424666487e+00
1.038150136493557918e+00
1.002953680080692189e+00
1.052280583921514134e+00
1.035564762415818629e+00
1.066291582178350295e+00
1.045694912122771658e+00
1.030861123229041443e+00
1.055444660872938867e+00
1.014194081551506255e+00
1.029915594565581349e+00
1.015026066076643252e+00
1.084609569025582587e+00
1.011464221024164667e+00
1.000786918953152638e+00
1.016770467152907420e+00
1.027052183803336405e+00
1.001418364973886588e+00
1.030735193436945529e+00
1.060869062311479372e+00
1.041700818909376158e+00
1.035210762772333482e+00
1.079589757103675662e+00
1.080446678191570031e+00
1.053882651867106945e+00
1.034102718764678297e+00
1.026132657018158589e+00
1.000665799356712293e+00
1.033996417852673266e+00
1.098725028825407346e+00
1.053128531505163057e+00
1.017579136583917965e+00
1.007648277379451507e+00
1.049268319620454859e+00
1.045238520485170186e+00
1.084075086687417366e+00
1.060958267043959458e+00
1.030494910988202450e+00
1.005077533665602596e+00
1.025869324122378856e+00
1.016108928333155026e+00
1.027677605928749127e+00
1.015460726281109283e+00
1.058956707572360267e+00
1.056479655546049834e+00
1.016204950826725462e+00
1.033519522998313400e+00
1.022664319738490368e+00
1.067117027318002620e+00
1.009454832912578315e+00
1.041102529664018839e+00
1.085654663273857512e+00
1.008834592899879201e+00
1.010207471273896651e+00
1.040764498955960127e+00
1.048748889775014348e+00
1.026305236397607956e+00
1.034242763653713482e+00
1.010761969642101299e+00
1.025446375999711446e+00
1.005621734691737990e+00
1.016528777497020419e+00
1.014552975939473800e+00
1.023517452740717815e+00
1.071867614640621191e+00
1.009141843901262048e+00
1.020993542606784210e+00
1.034671039025067518e+00
1.076441916170520541e+00
1.006688071325617662e+00
1.068983583182476105e+00
1.004059421380082640e+00
1.025699512097748567e+00
1.024112259365359545e+00
1.010602404420800182e+00
1.017957408027467592e+00
1.024086805869562911e+00
1.059463403077962385e+00
1.079267462158099988e+00
1.028093076408836959e+00
1.060211636318700190e+00
1.034133631061687097e+00
1.018047460888315658e+00
1.009806527586136538e+00
1.021670588246136546e+00
1.028343065653366972e+00
1.002223189844265061e+00
1.007332512820331427e+00
1.033562377857313752e+00
1.011401998536649804e+00
1.055546653573693483e+00
1.016829847645182472e+00
1.005256508956412942e+00
1.004183913687524354e+00
1.073698638605926847e+00
1.005922252876155332e+00
1.007081921174666217e+00
1.059081891124348918e+00
1.012935679555729607e+00
1.038496174571908348e+00
1.052962859274602980e+00
1.034062380170807760e+00
1.080150136953275108e+00
1.042059831771073197e+00
1.005656053577786535e+00
1.030678920143416555e+00
1.042877114800149885e+00
1.051238381281329515e+00
1.001316231027787218e+00
1.042938655567033024e+00
1.054058372029295088e+00
1.045514060769636489e+00
1.027673836993647338e+00
1.024318303721930112e+00
1.030079090350204174e+00
1.041693201091181686e+00
1.070125737347639827e+00
1.034775833533628342e+00
1.063120512689033514e+00
1.041402784464004805e+00
1.003420793920393628e+00
1.026946623548718796e+00
1.014644179644368371e+00
1.014574090073276480e+00
1.018426911548335090e+00
1.016165209954585480e+00
1.032052403749910585e+00
1.039922909874948287e+00
1.013699918266834699e+00
1.006516480628548260e+00
1.002942925286068876e+00
1.031855862869580864e+00
1.009391568178062748e+00
1.000462384278759220e+00
1.071279403209159264e+00
1.029270748387081769e+00
1.004632486505730782e+00
1.056289820123133660e+00
1.093470367852376057e+00
1.023754118120317136e+00
1.002125361836607498e+00
1.005898275355927796e+00
1.019869360122261703e+00
1.062722234989792236e+00
1.007444272738651003e+00
1.053848435948702811e+00
1.000748815078900344e+00
1.024280286584905664e+00
1.036817620974712639e+00
1.003021677564257308e+00
1.034610335609126519e+00
1.075783951048033593e+00
1.008066900700934188e+00
1.043905902187899803e+00
1.034200044536093932e+00
1.009339473586184921e+00
1.000310156584169663e+00
1.000464207113705761e+00
1.028941864221988300e+00
1.075300665647336951e+00
1.036810098280443349e+00
1.042533527119099412e+00
1.026511425766540642e+00
1.032278920005804457e+00
1.006344527347420303e+00
1.061276080560153767e+00
1.046873594382987438e+00
1.113643547380557042e+00
1.015246598626100116e+00
1.011507020829062853e+00
1.006283481517053602e+00
1.082825188580986975e+00
1.048931296656880896e+00
1.008376592581659459e+00
1.030296306314963273e+00
1.021707273488596579e+00
1.007619712568579962e+00
1.008159432849291548e+00
1.082512192025842257e+00
1.015636649130785552e+00
1.074910148516601049e+00
1.003785968450027655e+00
1.024485848063285687e+00
1.006509206541038814e+00
1.000239357371001780e+00
1.030368263786711092e+00
1.005713760017945990e+00
1.043219532543967265e+00
1.041135431090041141e+00
1.008888772773272269e+00
1.074997777307575841e+00
1.043131698323837453e+00
1.015259896286686558e+00
1.042090335088027064e+00
1.044118284998830415e+00
1.017668480825494326e+00
1.019527024895218403e+00
1.018603823447557399e+00
1.034745436837806620e+00
1.065405394896344449e+00
1.008727945317074104e+00
1.061015375489485324e+00
1.001382856299868562e+00
1.038052624521995204e+00
1.021746134737065326e+00
1.050048742615214969e+00
1.043145534307819311e+00
1.025660584752651205e+00
1.036776927556997574e+00
1.027005931694594532e+00
