1.503743445059904538e+00
1.507806451829971417e+00
1.501726118146845534e+00
1.504520513823185635e+00
1.500665658989429385e+00
1.504930811308208938e+00
1.501431688383761953e+00
1.507726933748355869e+00
1.509151013280795706e+00
1.524187623915340906e+00
1.502463798895320668e+00
1.502619535486385161e+00
1.519177846659439224e+00
1.514844351500588715e+00
1.508676076248700371e+00
1.514021703237488303e+00
1.502651758717348018e+00
1.515207169761528361e+00
1.514945418816739720e+00
1.503152687578089175e+00
1.506855464021954027e+00
1.517944840824332786e+00
1.509889582470734126e+00
1.509516704079641114e+00
1.507692470744033786e+00
1.503426068797509174e+00
1.522535236629082522e+00
1.505922270783178529e+00
1.503996819949636299e+00
1.510952975291330436e+00
1.508525013937001447e+00
1.504417326591693804e+00
1.503893346809278997e+00
1.502714142554477883e+00
1.500982604775183971e+00
1.508853305357965136e+00
1.506813158890215831e+00
1.502978919501264388e+00
1.500689564316742164e+00
1.500236272187749131e+00
1.511181618871652699e+00
1.502375178719054905e+00
1.503397082290901077e+00
1.500176401754716782e+00
1.501894149094968212e+00
1.515223751507502215e+00
1.503073293733202087e+00
1.519719326620526667e+00
1.502068885939134901e+00
1.503220401268525297e+00
1.514960805280319400e+00
1.505613728083464720e+00
1.503412782178013218e+00
1.510172033701277394e+00
1.500640757607918152e+00
1.515901576415020990e+00
1.514026859822836579e+00
1.501074467104716925e+00
1.512715378777219399e+00
1.520392556213320256e+00
1.506599921475872961e+00
1.507834199442072753e+00
1.509902773540277465e+00
1.503398185663892495e+00
1.509305378160184619e+00
1.506334887190739602e+00
1.505308062110596756e+00
1.516466217330273869e+00
1.512695328954667850e+00
1.518255662609730994e+00
1.513864584330252949e+00
1.500522841544766672e+00
1.508503903227658594e+00
1.510273693126508388e+00
1.509602339100328816e+00
1.503467517984032886e+00
1.505599423459389685e+00
1.500488030737090472e+00
1.501178835756145524e+00
1.507705033523765170e+00
1.508078783276458834e+00
1.502542350325912990e+00
1.505932597483905733e+00
1.506292318921977458e+00
1.500141706576346712e+00
1.501790938718794877e+00
1.508827239744007453e+00
1.525806901402988691e+00
1.509319464954850698e+00
1.501508324429052132e+00
1.513383651788043238e+00
1.505686004156967517e+00
1.501048110215622122e+00
1.508384200712569845e+00
1.502890154168952774e+00
1.505470513149782530e+00
1.504089653636535795e+00
1.509174982165442547e+00
1.505678614751527755e+00
1.501303384798126750e+00
1.502729304047060621e+00
1.506730651773841245e+00
1.512455043721255610e+00
1.500121787049043309e+00
1.508610216034999230e+00
1.501453543585931305e+00
1.508459486579880826e+00
1.513869678239038397e+00
1.502895848076851726e+00
1.506653556625352275e+00
1.512054312615741525e+00
1.502212515865454012e+00
1.501918614417872666e+00
1.516576032630237103e+00
1.510210542160790981e+00
1.511136829302506257e+00
1.514107785689291719e+00
1.507355073608875218e+00
1.506543084607198546e+00
1.507633672095227917e+00
1.510693370237234712e+00
1.505099048187585664e+00
1.501192356188827848e+00
1.501703063732511723e+00
1.521872211814847331e+00
1.500646885684670639e+00
1.510574595860521896e+00
1.518891911567705311e+00
1.501622748395628371e+00
1.510810259092774999e+00
1.503875352781085528e+00
1.503006587341954248e+00
1.514406651713583019e+00
1.516792600260561175e+00
1.504483696298402506e+00
1.508982346152772269e+00
1.502217129332475531e+00
1.512470674876345456e+00
1.515500093156174843e+00
1.504094792407752346e+00
1.509369274201601829e+00
1.515302758994927945e+00
1.500192187464477911e+00
1.514517359162506960e+00
1.507901669959182289e+00
1.505430398398516889e+00
1.507082418049116690e+00
1.513464333818616447e+00
1.510807236651107166e+00
1.506743505674432715e+00
1.506531427784679522e+00
1.516296754921884204e+00
1.502946188340628542e+00
1.501199071767763016e+00
1.509879154343484853e+00
1.510371110280542384e+00
1.507838152920960351e+00
1.503342747396236856e+00
1.503787871202330706e+00
1.508694104633839572e+00
1.503480820166136711e+00
1.506717738747300750e+00
1.504277650521612664e+00
1.506888146696705455e+00
1.502907332547173125e+00
1.502501462573626823e+00
1.511077187341104411e+00
1.505025028497323225e+00
1.502949112337450321e+00
1.514614311456451645e+00
1.505252865113118954e+00
1.501453397137530343e+00
1.510496835675479543e+00
1.503574113540705692e+00
1.507784839016483636e+00
1.508816043466414625e+00
1.520534971753782605e+00
1.502411811322015067e+00
1.503630130319703051e+00
1.518099923638744464e+00
1.510721640865368753e+00
1.505949422038662000e+00
1.511095097490715800e+00
1.505421271270506400e+00
1.505373070533880808e+00
1.501967725422553190e+00
1.507073304012440884e+00
1.503344437555751867e+00
1.509000058507394160e+00
1.505208518606041324e+00
1.514445517284142229e+00
1.511985064061765360e+00
1.501859727174892578e+00
1.508230072605765582e+00
1.510621087161612364e+00
1.506951712713967773e+00
1.501429111501350944e+00
1.506774645242951793e+00
1.505706015769382899e+00
1.504191246527114334e+00
1.508080928111429353e+00
1.504179211668657423e+00
1.502988175387820036e+00
1.511121224438420674e+00
1.502699417893784695e+00
1.512904747920952753e+00
1.522654916017116333e+00
1.505829120057666115e+00
1.513111683055480716e+00
1.502120258977400757e+00
1.512678569095140757e+00
1.520523948306322426e+00
1.506992873618641537e+00
1.503252781224431178e+00
1.502023950090735527e+00
1.517177190318911739e+00
1.504175122842471790e+00
1.506676796889099279e+00
1.505713851019879090e+00
1.505740123077115911e+00
1.511830034483097496e+00
1.518292216030163733e+00
1.509059836914486308e+00
1.520005041192752593e+00
1.502403363813193948e+00
1.507762773578772197e+00
1.510019996876952098e+00
1.510648275828293308e+00
1.511596454632244901e+00
1.504292389561901810e+00
1.515539884741247123e+00
1.501653734932718365e+00
1.503554983573952564e+00
1.506241159623622705e+00
1.508245974289978975e+00
1.503778890389262157e+00
1.516714881411051374e+00
1.505986998417043754e+00
1.501257452823118399e+00
1.513310896718469412e+00
1.520840828377044041e+00
1.504473707880407352e+00
1.507606705989681162e+00
1.508090201275590125e+00
1.512800052366862325e+00
1.501909412032021107e+00
1.514016588295162835e+00
1.510795587981930810e+00
1.500436615593205847e+00
1.507813181732910790e+00
1.500350474325937045e+00
1.506667993010227358e+00
1.508376893873358382e+00
1.509024189843760411e+00
1.517766629314392324e+00
1.503802700374967882e+00
1.514128008242628498e+00
1.505992597385608089e+00
1.509643694319550367e+00
1.512981439927295391e+00
1.510850181930617486e+00
1.512628388477069263e+00
1.509046558249601544e+00
1.512776259805161283e+00
1.516775208580270151e+00
1.516545150653194840e+00
1.504220383688898544e+00
1.521615704521154244e+00
1.500721422629995416e+00
1.508682427273014159e+00
1.506649031394373006e+00
1.502921837070963607e+00
1.507285176929194837e+00
1.500825323375057030e+00
1.507591200308749269e+00
1.514471981285360647e+00
1.501771275730308552e+00
1.504185757739527673e+00
1.508953862785524569e+00
1.504653668610723916e+00
1.505444710041781153e+00
1.504365153698709934e+00
1.506454536978393488e+00
1.504848093365016348e+00
1.501812885182606694e+00
1.502511166055387148e+00
1.500992152591225759e+00
1.506225116115558427e+00
1.514156483635429762e+00
1.501134252956690895e+00
1.509481503342257946e+00
1.505520540004348318e+00
1.515102818167307630e+00
1.504709627629594815e+00
1.510206264209850824e+00
1.505215764049944616e+00
1.507396461858432790e+00
1.512077419053290184e+00
1.521111905904093398e+00
1.501694067417065792e+00
1.507186908970480355e+00
1.501660870363283440e+00
1.500381367709051617e+00
1.511405224770063560e+00
1.523380758608571917e+00
1.508305919492550995e+00
1.500906598070774089e+00
1.500772323913245776e+00
1.504038787953019485e+00
1.504956459196301832e+00
1.500048328551799814e+00
1.514064445176624529e+00
1.506239121151698113e+00
1.526977718856826760e+00
1.515622033940213553e+00
1.506735842234312006e+00
1.508878251701725182e+00
1.504038850818395945e+00
1.503887475616008107e+00
1.501634723209884781e+00
1.507453299941772462e+00
1.501022613525037963e+00
1.505912591874621453e+00
1.504136312678889809e+00
1.512491753564892516e+00
1.504964397136110632e+00
1.516403204700718099e+00
1.502391603284388255e+00
1.517993349556131299e+00
1.508268623095064376e+00
1.501508639665993794e+00
1.506757403187305888e+00
1.503413964635076594e+00
1.511431272812730375e+00
1.509337188016452336e+00
1.500784968139949660e+00
1.505481614204920993e+00
1.515749894328218605e+00
1.505340975321677099e+00
1.511302352996005460e+00
1.501421980923187904e+00
1.514930508712665214e+00
1.506761826292752460e+00
1.519189861759930427e+00
1.507320640325243044e+00
1.511930467394741573e+00
1.521633975827093588e+00
1.510970441830945532e+00
1.507990090163335184e+00
1.504757087342094568e+00
1.500531784552540326e+00
1.505700820102626292e+00
1.505408178253837770e+00
1.513433463737615670e+00
1.502388031371455934e+00
1.511279047735198056e+00
1.500469691674519046e+00
1.515716675243791611e+00
1.509663667163656964e+00
1.505552894047162305e+00
1.503382044872417556e+00
1.502325680942282915e+00
1.508134920774850452e+00
1.505375773282820351e+00
1.511287978549673783e+00
1.516662001562504303e+00
1.503783822491466138e+00
1.509309986911244073e+00
1.505556954446458873e+00
1.500534462024711191e+00
1.508664765699671451e+00
1.504715061107476437e+00
1.500171574436974797e+00
1.506295407817260790e+00
1.501148316190267007e+00
1.508898875452047372e+00
1.507144886574880882e+00
1.506729138562772352e+00
1.518408047649182357e+00
1.515466420018443561e+00
1.510625336073119218e+00
1.507994689715691505e+00
1.503208658795812447e+00
1.500102030685697807e+00
1.501500967942446030e+00
1.504116847567087190e+00
1.502484279902419395e+00
1.507865675326346855e+00
1.507281946540316664e+00
1.505082744116604143e+00
1.512769588332142146e+00
1.511011834358489070e+00
1.510069177996370637e+00
1.506765651872511880e+00
1.500543302315331395e+00
1.505634509396093446e+00
1.506710858280487786e+00
1.505927305379581860e+00
1.500055930013154404e+00
1.509358846794851550e+00
1.503274836163630557e+00
1.500558494445105140e+00
1.506778123915940348e+00
1.517395508981016938e+00
1.500368066152780067e+00
1.500171768801612515e+00
1.508171569986620053e+00
1.507413525368136220e+00
1.500196331044010956e+00
1.501291872130461336e+00
1.513856184132424065e+00
1.505998839419336655e+00
1.501561071613727316e+00
1.501961401526104467e+00
1.508592039931600848e+00
1.504231013240702408e+00
1.500321352821622822e+00
1.509045598308677238e+00
1.500404499352221643e+00
1.501382817037522743e+00
1.501997700914130318e+00
1.501800556117904639e+00
1.511737551371322041e+00
1.501170671669281198e+00
1.501868736357594214e+00
1.505914913012231793e+00
1.501759992820068668e+00
1.511380956426219058e+00
1.506532874779165976e+00
1.515434094530064169e+00
1.500476602300909068e+00
1.514498137182998860e+00
1.501934528819511616e+00
1.517691773121184307e+00
1.504195159026391559e+00
1.506893612348269906e+00
1.500296202781371324e+00
1.510965695238358109e+00
1.502704606922428132e+00
1.517176639101097679e+00
1.509541659558615301e+00
1.503622749597756103e+00
1.503321237584573922e+00
1.502147258774796379e+00
1.512807133087788580e+00
1.505788253137714472e+00
1.503533819908507319e+00
1.519620822746840849e+00
1.512817651170017319e+00
1.508146374134622825e+00
1.512823559990980060e+00
1.501507187602481475e+00
1.509748172304368197e+00
1.504169382591701742e+00
1.510061422211796067e+00
1.520441457698023857e+00
1.512218953053082737e+00
1.507790197915113595e+00
1.511347511972891633e+00
1.506235354211215904e+00
1.503573756326702426e+00
1.500508115795520014e+00
1.509849975694402380e+00
1.501791836094818144e+00
1.506099541430633071e+00
1.509640007329957179e+00
1.515932134894690364e+00
1.508554871408724685e+00
1.502755898155770264e+00
1.506322489778714635e+00
1.509657238754871900e+00
1.502466103482715365e+00
1.511035119178762764e+00
1.511794025193973434e+00
1.507081028904464048e+00
1.514628174068807231e+00
1.502847092365712012e+00
1.507327444823947094e+00
1.516061093895903600e+00
1.510412715115119209e+00
1.512950468085445754e+00
1.502812657426094711e+00
1.507913053803894732e+00
1.504167898410318172e+00
1.509485244990454555e+00
1.507082318463614179e+00
1.508849198019230897e+00
1.508705542994731807e+00
1.511133633570800772e+00
1.512722775211766679e+00
1.500774201784240924e+00
1.519253660930014238e+00
1.505321062542052113e+00
1.502142370371292168e+00
1.517477401124983860e+00
1.512315286673590498e+00
1.505522441928806465e+00
1.508385798313523374e+00
1.502866067766406299e+00
1.505417582733535875e+00
1.505241956142334914e+00
1.511552322877967258e+00
1.505688726480255202e+00
1.511572586304785526e+00
1.512479383771159203e+00
1.505023501568657274e+00
1.505811716837240910e+00
1.507051934881832977e+00
1.500043881399510726e+00
1.502462720966185827e+00
1.514215740232355722e+00
1.511722066950338617e+00
1.500965840631796056e+00
1.509024527147788897e+00
1.500259206514976684e+00
1.507269794055564827e+00
1.502032311850344914e+00
1.514435990218036210e+00
1.508653537571696068e+00
1.500800588169574512e+00
1.509144557978407297e+00
1.515972475280698006e+00
1.511070450406257981e+00
1.501444961263676436e+00
1.509607013503346140e+00
1.508579028828425095e+00
1.508958129782023594e+00
1.512619003532364115e+00
1.503901809728249495e+00
1.504600349069307397e+00
1.502549927162076360e+00
1.506066876809569077e+00
1.505370064889646642e+00
1.501053158145385202e+00
1.503080444970769314e+00
1.501504669841745798e+00
1.507604449516904532e+00
1.502362495203513726e+00
1.504189169070250909e+00
1.513250561107314374e+00
1.507897142693852111e+00
1.507033791820733493e+00
1.518942876262507014e+00
1.505771629708724024e+00
1.515600648112134685e+00
1.508000081368112921e+00
1.505305093306028796e+00
1.504470177421216803e+00
1.516494232582453527e+00
1.507784891689089246e+00
1.503200030600031489e+00
1.507031960202644516e+00
1.503174483340637746e+00
1.503055059221627632e+00
1.501621251474065222e+00
1.510098821812400294e+00
1.512237009776359109e+00
1.504162026600957880e+00
1.505362173170102347e+00
1.512561184428521388e+00
1.500203792759078780e+00
1.504288015912782273e+00
1.503944673093704276e+00
1.507421185467634928e+00
1.516093184593393817e+00
1.500506647690771134e+00
1.514067418357372796e+00
1.507648240483387969e+00
1.508170153530023816e+00
1.519989110831742485e+00
1.501610383044080121e+00
1.503529801576001690e+00
1.502916303296340184e+00
1.506243072639254832e+00
1.508034138674907210e+00
1.510936645964223723e+00
1.500663439558461043e+00
1.505606721702218431e+00
1.517611027268255919e+00
1.506148464473838100e+00
1.513267702470532772e+00
1.501404271397862811e+00
1.503703786037802415e+00
1.511109531114628091e+00
1.508773007727476800e+00
1.505857496565498055e+00
1.509683052749254406e+00
1.511974963385081860e+00
1.516214816548810740e+00
1.505816035416822185e+00
1.509170332507921097e+00
1.504964604497582625e+00
1.517777009674146527e+00
1.506423991443172294e+00
1.505379879935051068e+00
1.518587320862955670e+00
1.500024514684230592e+00
1.504276236240032372e+00
1.513915542711164131e+00
1.505981041082708360e+00
1.504502167124307288e+00
1.508172762601120764e+00
1.505295604452342006e+00
1.504242466033682168e+00
1.503388207500489626e+00
1.504018428468662627e+00
1.517604412556947224e+00
1.520245072209984727e+00
1.501238472422576020e+00
1.511109924836586238e+00
1.509462655938514253e+00
1.508950977786588155e+00
1.500410634350169303e+00
1.503487402096695735e+00
1.511361077892590998e+00
1.506658112575865793e+00
1.500298632080686811e+00
1.507145196179077384e+00
1.514238703045322376e+00
1.515383981199505126e+00
1.516267031854304559e+00
1.507158381300951033e+00
1.506214658948648477e+00
1.503103233814335749e+00
1.514898614845605174e+00
1.512750196812453485e+00
1.514804371876460110e+00
1.502862782182377677e+00
1.501226788838510240e+00
1.510290831766596620e+00
1.516990267427599459e+00
1.517174454967302522e+00
1.507179376597407972e+00
1.509160735223675553e+00
1.501405551221465906e+00
1.503511771712986667e+00
1.507327665266626093e+00
1.515480551854998081e+00
1.506477180148488193e+00
1.508258451342133322e+00
1.500694725250001138e+00
1.520753903026029752e+00
1.506605479936070857e+00
1.502016859223661571e+00
1.504372305170665891e+00
1.506933682448422518e+00
1.501740073939760611e+00
1.502483235467382494e+00
1.517137435757889286e+00
1.515148787059144464e+00
1.501534694467505648e+00
1.503561138144967391e+00
1.509037431622767933e+00
1.503305986922654602e+00
1.500026047064550117e+00
1.510349793186531064e+00
1.502437264343088996e+00
1.504180346679361735e+00
1.503626984804541822e+00
1.501916170731956601e+00
1.501704182544490340e+00
1.501821337772583753e+00
1.521069680984522776e+00
1.510913669118301161e+00
1.518629973900262886e+00
1.507891863292023071e+00
1.504263059854962892e+00
1.502063523116345722e+00
1.506465107028957195e+00
1.506620587590353777e+00
1.512143104856587206e+00
1.507176271780705124e+00
1.502460084259881201e+00
1.513164965188277034e+00
1.501859508193715609e+00
1.507183947075348973e+00
1.500531084981494123e+00
1.504791727066678853e+00
1.509742332290845201e+00
1.501742538373648461e+00
1.507118832474423353e+00
1.507345467360124980e+00
1.516792673002014702e+00
1.506209531782444211e+00
1.500980902278394868e+00
1.501834350110909932e+00
1.503516037573195074e+00
1.512724789590425889e+00
1.503244724034670465e+00
1.508556054705011196e+00
1.500981289182723666e+00
1.502554179196277762e+00
1.508732465015787838e+00
1.501229758764009992e+00
1.510660761301771959e+00
1.505945979116007916e+00
1.503568828023394977e+00
1.515202064366823365e+00
1.509768180410872462e+00
1.500803122666060752e+00
1.509708725298350318e+00
1.502505573666094385e+00
1.517379160973674201e+00
1.501933523178611285e+00
1.508687655497559010e+00
1.503077823615254216e+00
1.518780291657503723e+00
1.504173686256859988e+00
1.508204575218301979e+00
1.501625912553160136e+00
1.506403852788650077e+00
1.508545371317879136e+00
1.511967999611368407e+00
1.507647230546677042e+00
1.510400843339512855e+00
1.514638393787645088e+00
1.503822859197617490e+00
1.504388759175928847e+00
1.500369736793646158e+00
1.507600334660113006e+00
1.521558931814058768e+00
1.511125898355675234e+00
1.525725835792411722e+00
1.506024500819099332e+00
1.511393805908521015e+00
1.502028823920330103e+00
1.505546517763320047e+00
1.509189461229248685e+00
1.505964065097959326e+00
1.500371592126646503e+00
1.504069934472903602e+00
1.509826951711430665e+00
1.505159730645819760e+00
1.505935611719007250e+00
1.514533293467343000e+00
1.503433482716177050e+00
1.508673846760530513e+00
1.514168976585849036e+00
1.512958460909280323e+00
1.503029593523823371e+00
1.500639021236561899e+00
1.503532252385191725e+00
1.502223096403060953e+00
1.500346434378533544e+00
1.503901034242128398e+00
1.507053463950751571e+00
1.509318060837377962e+00
1.504914262427551108e+00
1.502581792130205818e+00
1.507853797038561261e+00
1.511511636177368167e+00
1.510216965593668137e+00
1.514562297190280127e+00
1.503360338208686642e+00
1.506770910426935561e+00
1.506543578588486865e+00
1.504134381555207067e+00
1.510038888115293298e+00
1.501685784909176480e+00
1.512900750382454973e+00
1.500457874144069947e+00
1.505059836074249313e+00
1.508518104678265859e+00
1.505580919322438760e+00
1.509422237646132814e+00
1.500485170972722715e+00
1.514939807571962893e+00
1.500972189347912433e+00
1.503677890502667092e+00
1.503753191572173575e+00
1.500147667614127434e+00
1.501177951597763682e+00
1.514380636904258504e+00
1.512099979119686743e+00
1.511169891779027052e+00
1.510098550185353883e+00
1.500932925732323620e+00
1.503824213186845116e+00
1.500082162322977863e+00
1.500757193594050687e+00
1.500473745743486242e+00
1.502512729632578869e+00
1.500704086495818990e+00
1.500211051228714121e+00
1.503110712086842993e+00
1.512721978844435489e+00
1.500704430548196244e+00
1.523633849621367942e+00
1.509459146821588993e+00
1.514926861555620397e+00
1.509520279635810702e+00
1.512127545922051119e+00
1.503852756680015501e+00
1.503273938394234399e+00
1.509593770462570372e+00
1.507749553421140476e+00
1.506812679961508028e+00
1.502234011524538060e+00
1.502924086690825334e+00
1.507524856880615216e+00
1.505371143141450041e+00
1.520528586062787735e+00
1.507576339468080784e+00
1.505688559970328022e+00
1.519434022982565580e+00
1.501147623553992894e+00
1.503465202553589952e+00
1.504474630531723145e+00
1.514437771726600657e+00
1.511859117002121167e+00
1.503905789449750507e+00
1.515149211025020426e+00
1.500782713271284985e+00
1.506621652532545541e+00
1.509402618245269778e+00
1.504006897657964137e+00
1.500865670279082797e+00
1.503271770591831924e+00
1.506471508577995388e+00
1.504087100436485969e+00
1.505454408191508886e+00
1.501166633936580563e+00
1.500178418831288107e+00
1.515351103369664276e+00
1.500977898844410241e+00
1.503745892210502921e+00
1.509586255561101931e+00
1.514125925547948892e+00
1.504130027387248880e+00
1.509351869741894836e+00
1.506293142179701450e+00
1.500638060112696071e+00
1.505348703769699981e+00
1.500373166484570531e+00
1.520704222537825556e+00
1.511753019345615678e+00
1.504376725229418454e+00
1.502977508613138724e+00
1.505233170570547729e+00
1.504060727840400125e+00
1.504814359934206314e+00
1.517292413301521758e+00
1.505293437780883536e+00
1.511249690817292102e+00
1.501972775555429740e+00
1.507261289002610916e+00
1.506625808823082391e+00
1.508232527819771240e+00
1.509904625859608940e+00
1.514709481667879665e+00
1.502915200419483455e+00
1.504965648385044208e+00
1.500715354725114414e+00
1.508825048054061257e+00
1.518265746564089858e+00
1.505174063287962660e+00
1.521587128866419780e+00
1.508349623688678864e+00
1.502671890407411448e+00
1.507193900997393810e+00
1.509121638952334532e+00
1.509630429526512163e+00
1.509083737789267632e+00
1.502392677774200047e+00
1.502633876486543674e+00
1.503065461462597563e+00
1.511054029673646104e+00
1.506713562145726826e+00
1.509729932060187796e+00
1.512736296256642188e+00
1.507765007938479451e+00
1.506278061393371726e+00
1.505264557176931195e+00
1.507303358328994980e+00
1.501880654419623040e+00
1.512381033558580556e+00
1.516969557496083976e+00
1.513110875577642123e+00
1.513397600004578791e+00
1.513631418738297096e+00
1.502213433467149972e+00
1.527028023533722578e+00
1.509451379024210560e+00
1.505530789454454288e+00
1.515788362084796503e+00
1.508077735456726298e+00
1.526098544826273384e+00
1.511504544343530432e+00
1.504768323682696529e+00
1.511277096964385613e+00
1.510987865601341129e+00
1.504017687351704824e+00
1.515623232734717440e+00
1.501768641227458456e+00
1.504737016883691769e+00
1.509050410893100880e+00
1.506400279036513856e+00
1.509869340202934840e+00
1.527858370393378795e+00
1.500976453178880288e+00
1.511673223842140201e+00
1.513261730890919310e+00
1.503603833915446941e+00
1.503245352798305845e+00
1.505830881615322303e+00
1.505140649589741031e+00
1.506846703860087011e+00
1.502676262377350636e+00
1.506626844271483856e+00
1.513122320738192750e+00
1.515568748030036383e+00
1.509640160889187843e+00
1.503683028474813499e+00
1.515176111061925068e+00
1.505535171819947227e+00
1.502939205144308232e+00
1.501690388588051039e+00
1.520442642206117911e+00
1.501101904054114033e+00
1.507197648662049083e+00
1.502554590526628431e+00
1.514982674225566317e+00
1.502455914752999888e+00
1.511134654341106387e+00
1.502078708491007220e+00
1.518492587221793144e+00
1.509572009398627124e+00
1.505446418340270709e+00
1.520525525166413150e+00
1.507105486571136188e+00
1.505001589058311051e+00
1.502044995452587850e+00
1.510783950889506233e+00
1.508322337209213826e+00
1.502823059569938335e+00
1.503176993407580486e+00
1.502790416539983909e+00
1.506658659177062098e+00
1.500591428129005145e+00
1.503697974375393986e+00
1.511138004813731062e+00
1.508770724441896194e+00
1.513297098198440160e+00
1.511330674706307775e+00
1.500265983276746651e+00
1.507858274435710078e+00
1.505787366105722835e+00
1.504681527027279087e+00
1.525656711181915037e+00
1.509447034477491734e+00
1.503191566007869628e+00
1.507248035281999021e+00
1.501193157907058540e+00
1.511341328973664799e+00
1.504492007463065661e+00
1.502126851147809194e+00
1.502044305716931483e+00
1.500190361721108090e+00
1.512153834826056142e+00
1.510955689287863057e+00
1.506490847806798206e+00
1.503922665361923539e+00
1.505108649595906289e+00
1.515619559488788015e+00
1.501522018784658963e+00
1.500369622834260896e+00
1.502729938249787400e+00
1.507051448279439043e+00
1.500096032609606000e+00
1.501306947831677396e+00
1.510278506031391021e+00
1.505930512994970494e+00
1.519274612583750184e+00
1.516865375111636771e+00
1.503527331781695953e+00
1.504911733786363781e+00
1.517262238712307365e+00
1.508024265111376216e+00
1.504799312690916491e+00
1.512765696301927809e+00
1.517624584834993628e+00
1.509774928228742041e+00
1.502927414104208381e+00
1.513317227201773640e+00
1.505524951250823973e+00
1.510282377532832676e+00
1.506511348538896344e+00
1.518686233203186742e+00
1.500855686022177560e+00
1.501959824341220218e+00
1.502456450239231911e+00
1.502798453594424100e+00
1.502986488504099105e+00
1.501922294739635566e+00
1.510174210261682415e+00
1.502761495194563812e+00
1.502986826513568630e+00
1.502492794246206298e+00
1.505209678693357311e+00
1.520141393716725187e+00
