1.021718529247695351e+00
1.035703244441248172e+00
1.048689091078821578e+00
1.057476727965478869e+00
1.052925286080554246e+00
1.008363943073117719e+00
1.054397850421106453e+00
1.002933918413553727e+00
1.010114744836343448e+00
1.035207698575916435e+00
1.005754091083822299e+00
1.033787787927276103e+00
1.015798760709414994e+00
1.022622402289076859e+00
1.016187929311820559e+00
1.003512994008829207e+00
1.026942267745280857e+00
1.082566598805154046e+00
1.034394246048126131e+00
1.015370810122478540e+00
1.079657949575073550e+00
1.020299454132045369e+00
1.041084675996915010e+00
1.036039183696183308e+00
1.078514615718172420e+00
1.068270426613175283e+00
1.007442511456618561e+00
1.004292278575847464e+00
1.052123658103220505e+00
1.066283863527236919e+00
1.026455906519172956e+00
1.040516359028649473e+00
1.003493656671844425e+00
1.011131637661459415e+00
1.007512323758740669e+00
1.033631825791545999e+00
1.009978997575589288e+00
1.002994945228347312e+00
1.015487974865398213e+00
1.039400664877367486e+00
1.032000994669257876e+00
1.017036702095488687e+00
1.055046497675173667e+00
1.014099282830855486e+00
1.013265882026568310e+00
1.030782171298109562e+00
1.025544475574097447e+00
1.023597570239093368e+00
1.007838732377000390e+00
1.027186622240844782e+00
1.013185156104110307e+00
1.020466975002022547e+00
1.044269258990365934e+00
1.073627732907435073e+00
1.048197616409143329e+00
1.021237549420417334e+00
1.033056655593023176e+00
1.045481981648596737e+00
1.021733510872470774e+00
1.018667446139171595e+00
1.006794318923551090e+00
1.044518274888219578e+00
1.055702092591839891e+00
1.016265714999111447e+00
1.049209567900115658e+00
1.034280759401385197e+00
1.049270927912606011e+00
1.021566592136949669e+00
1.045585060009559308e+00
1.021403244294922796e+00
1.004446794836307832e+00
1.030156115764283120e+00
1.024096603559173868e+00
1.012861513825901394e+00
1.063874710148192682e+00
1.019937238362178755e+00
1.001956977137632876e+00
1.019896627323011229e+00
1.022332191167326654e+00
1.058929275001625925e+00
1.050924917177479267e+00
1.010104209459877334e+00
1.055770813881499404e+00
1.012601028849321683e+00
1.017652376972495221e+00
1.003846629600439355e+00
1.002769873701042425e+00
1.039697999667386519e+00
1.070225166802424077e+00
1.026458597652132543e+00
1.056448065304384398e+00
1.050320004362417015e+00
1.038395187240197082e+00
1.090023240273493288e+00
1.051264590051337988e+00
1.014023510981619802e+00
1.049801721438500923e+00
1.040675378221541436e+00
1.020886443474884997e+00
1.003845575610309959e+00
1.010848937002363446e+00
1.050706949402539392e+00
1.012630353090469892e+00
1.112710305080496509e+00
1.040786758494013808e+00
1.025483618376338724e+00
1.031492198012337491e+00
1.034328400502188661e+00
1.084959526525282048e+00
1.008142496240630015e+00
1.013893402605419825e+00
1.042121421659156333e+00
1.012177763465152758e+00
1.060398159964033082e+00
1.017906244720371944e+00
1.009119866785826325e+00
1.002382313200268715e+00
1.033237216288304339e+00
1.054008740205249373e+00
1.013967631901498967e+00
1.068909129099853805e+00
1.046571111241458407e+00
1.003067868652927963e+00
1.031642124699620799e+00
1.031288409125041161e+00
1.010228436980936895e+00
1.017246026625570288e+00
1.024333819017963609e+00
1.002405205904496555e+00
1.007532690369906003e+00
1.008258052661253901e+00
1.019732709078281063e+00
1.045564114469515804e+00
1.054767497578986024e+00
1.008199053461151351e+00
1.046001934081735252e+00
1.038875958040025083e+00
1.063620863708079067e+00
1.084886409252592276e+00
1.006247998339723448e+00
1.004040328466587306e+00
1.050986471308983150e+00
1.008164429932937978e+00
1.009826123652425078e+00
1.062133019432053294e+00
1.074207314904621846e+00
1.016368236080212650e+00
1.056188662098224151e+00
1.058520811325802002e+00
1.033933937437707451e+00
1.031196670220809297e+00
1.031861737607582485e+00
1.015438511338266903e+00
1.034909675867751400e+00
1.012372840636558857e+00
1.008955374650840620e+00
1.021659916994406059e+00
1.041791167144326291e+00
1.035097427180148966e+00
1.083114117851202707e+00
1.036975132075584005e+00
1.007102454561999094e+00
1.008115803040883884e+00
1.004663642413721192e+00
1.009650980414628751e+00
1.033403855194408028e+00
1.055672824366524321e+00
1.064190585986620308e+00
1.020916442250691114e+00
1.030690528794171890e+00
1.052071962810766426e+00
1.016020884200903973e+00
1.033242439273546420e+00
1.008773483362846113e+00
1.025441853446926510e+00
1.008721751252070975e+00
1.024583809120017008e+00
1.020731847045029284e+00
1.022845590724270171e+00
1.012379761493036545e+00
1.006834903740971399e+00
1.014067165283573990e+00
1.012163208690308291e+00
1.044336264779782031e+00
1.042769682170432421e+00
1.032458857357727133e+00
1.004576400138055492e+00
1.031208423104848615e+00
1.003968129828353595e+00
1.000908678552109743e+00
1.018241899945669715e+00
1.012213742386405269e+00
1.033170368460805566e+00
1.071498032013707080e+00
1.043025319713848598e+00
1.047532445047319793e+00
1.077833551724354244e+00
1.036037553835290392e+00
1.031991852884243110e+00
1.033682215960286532e+00
1.059553184698332373e+00
1.020234752184363325e+00
1.050495318127101729e+00
1.037422070094723203e+00
1.015615462092797516e+00
1.000684415859277143e+00
1.010618834609495309e+00
1.041294608483406492e+00
1.032126920905546141e+00
1.014010236446269086e+00
1.022906687600385389e+00
1.038116358294634889e+00
1.006380913540817712e+00
1.022787628767934498e+00
1.021872905715380142e+00
1.029628756348663021e+00
1.028284576491847124e+00
1.019085393880355683e+00
1.047066965284886297e+00
1.003365230585253398e+00
1.001777409490986592e+00
1.022084266651097195e+00
1.064708115869530403e+00
1.014168478987903077e+00
1.008682693122488816e+00
1.071391059394946499e+00
1.008473648565907821e+00
1.019484903730391689e+00
1.043851526977179756e+00
1.013285764973570924e+00
1.011654660714637499e+00
1.020780328553588356e+00
1.049623203702383156e+00
1.067506482945404622e+00
1.001564938469057031e+00
1.008314433372246910e+00
1.080568686395495526e+00
1.033039645158891240e+00
1.030211371379520235e+00
1.052583006419644862e+00
1.001989874651956436e+00
1.000691808551212203e+00
1.084279812023755785e+00
1.054420691468866522e+00
1.045566441144994307e+00
1.007834407973395185e+00
1.025445745197851810e+00
1.073745232368728875e+00
1.072757508644446078e+00
1.000462339916055488e+00
1.046058679953934423e+00
1.000311874127380873e+00
1.094334558434058025e+00
1.021892822211533325e+00
1.087279993820692070e+00
1.019086521330890172e+00
1.015003023335309340e+00
1.016249834454986400e+00
1.044003535051694964e+00
1.010089047271383711e+00
1.059289804378593880e+00
1.032883877228517155e+00
1.085426204333413303e+00
1.096744315669836656e+00
1.009342844706155429e+00
1.079524820576941657e+00
1.002328108604526591e+00
1.001393390436185804e+00
1.075622232199854089e+00
1.082066885021826463e+00
1.007404037514280315e+00
1.023386265461339262e+00
1.026525567108746984e+00
1.058729260467299094e+00
1.035576754949299350e+00
1.048270383131098882e+00
1.025967770662824519e+00
1.037125451189616188e+00
1.044439280185581520e+00
1.044669101013953272e+00
1.000086886572560063e+00
1.005008179853577488e+00
1.018857890721766690e+00
1.003062691992801403e+00
1.019944960146167423e+00
1.020318199964706185e+00
1.069510900564585976e+00
1.031263357924512958e+00
1.041840459917622530e+00
1.063010377362424874e+00
1.023369273849574990e+00
1.000098101869116851e+00
1.014582697548963797e+00
1.052656054852198153e+00
1.065679302588482535e+00
1.018181643670839742e+00
1.015046157175912400e+00
1.070498600089326402e+00
1.018157484461179374e+00
1.037421160340316728e+00
1.014314429055344302e+00
1.004907954634226330e+00
1.026972231581060102e+00
1.070199674294223469e+00
1.034893121234253588e+00
1.010562219404944173e+00
1.039826607726990648e+00
1.047633918689742982e+00
1.016492770806072476e+00
1.030732580828548794e+00
1.039787522439149292e+00
1.008071657516848907e+00
1.082778828814432215e+00
1.023912423412984163e+00
1.090950344726967725e+00
1.009568647823078535e+00
1.025886143659162197e+00
1.008352525387378407e+00
1.000509026532512724e+00
1.012073967004589514e+00
1.021096844436833129e+00
1.022720102535560116e+00
1.062890751576926140e+00
1.036156716132403233e+00
1.022914886829363823e+00
1.097617294551980427e+00
1.034571210590139900e+00
1.016596379773132108e+00
1.040562283134704780e+00
1.026625779357528856e+00
1.061988376323484751e+00
1.064674283078709927e+00
1.019064315203970672e+00
1.030943203595041657e+00
1.013542247634809934e+00
1.035481772792917754e+00
1.102580384008016168e+00
1.054931974414215823e+00
1.019011653547607699e+00
1.004780105251759315e+00
1.083909718785854404e+00
1.020319219874766814e+00
1.015013408826111130e+00
1.016252192589770287e+00
1.026266414502717161e+00
1.079877624427603600e+00
1.096318928743736709e+00
1.015160813880645385e+00
1.018179377748754888e+00
1.027639384358921770e+00
1.000409348797732134e+00
1.008812105827300520e+00
1.073410137157377431e+00
1.001472012138998391e+00
1.005062011988407722e+00
1.022106844120309610e+00
1.044074218166087364e+00
1.013706749401566576e+00
1.015690706515188557e+00
1.015664111139278569e+00
1.060602919663684807e+00
1.011459079778436410e+00
1.030947437079655860e+00
1.119693662999647232e+00
1.043801408201916914e+00
1.017345184750959586e+00
1.047340346770013308e+00
1.078862465386615677e+00
1.019411598829574217e+00
1.041984157510194242e+00
1.003795690977679289e+00
1.064450910968979258e+00
1.004824238349900423e+00
1.019377143986766932e+00
1.029622496053104186e+00
1.013426045143764442e+00
1.037191310824002510e+00
1.030412479565137485e+00
1.042788297848994628e+00
1.018327555717025712e+00
1.029853720381447513e+00
1.052422296574365701e+00
1.052247080431873538e+00
1.042528258935011998e+00
1.029585022479405865e+00
1.039081016876425956e+00
1.004352345692209658e+00
1.025122972510382535e+00
1.058709033168505176e+00
1.034075615000617399e+00
1.074980666826428122e+00
1.013352062343104487e+00
1.004826508557617792e+00
1.035480045142225025e+00
1.004555874555419948e+00
1.049063651809535092e+00
1.013065041694886315e+00
1.029376152643652231e+00
1.052327052760783088e+00
1.049695658280870081e+00
1.026642947352499613e+00
1.088583626804730198e+00
1.026746527770831641e+00
1.014233553436430402e+00
1.015500044681046043e+00
1.045210563729900954e+00
1.023072089317725641e+00
1.021998671215016641e+00
1.001024384728686600e+00
1.015653594996168918e+00
1.058744226366572283e+00
1.051414596082495434e+00
1.045483226488663098e+00
1.001156516098294702e+00
1.001349695550890928e+00
1.015988084690642168e+00
1.025314241738806587e+00
1.067249900574506416e+00
1.020037869633827254e+00
1.014753226089155413e+00
1.031541044673998098e+00
1.068290087554360834e+00
1.044739816715244851e+00
1.058203282807783197e+00
1.009189577303289287e+00
1.006308932837219006e+00
1.029725545631934081e+00
1.041072230679473076e+00
1.079240374085765897e+00
1.019298994091570876e+00
1.017907497980488740e+00
1.027896901354353298e+00
1.040033013634417136e+00
1.031192287733235569e+00
1.043309825409812319e+00
1.019793669740831188e+00
1.059012264780950119e+00
1.009229517273370735e+00
1.016228805989620287e+00
1.048178475109403873e+00
1.017307930478458688e+00
1.038671579657796551e+00
1.014714305688935836e+00
1.009441642802134220e+00
1.015408534033464649e+00
1.062974891973181624e+00
1.024490677435852648e+00
1.011423534320998296e+00
1.016529684904186048e+00
1.000138540398885612e+00
1.046381983080167721e+00
1.011437195048788817e+00
1.033401739429398836e+00
1.001255613222044705e+00
1.055178195841308453e+00
1.009459144112409446e+00
1.000238407033092525e+00
1.015433050850726771e+00
1.069568359611110742e+00
1.013375096229636396e+00
1.027113139142443066e+00
1.021329476463018082e+00
1.015060003273433153e+00
1.071181889675411281e+00
1.049799622721456327e+00
1.046985108101462281e+00
1.028554432100973637e+00
1.053956473622591261e+00
1.024342829491502460e+00
1.024750892381555811e+00
1.026505732353189648e+00
1.012023483236417443e+00
1.070297841458479837e+00
1.013170996793462786e+00
1.010010958524092395e+00
1.012381836811286018e+00
1.053038204335999151e+00
1.047652668156289435e+00
1.022484093677293870e+00
1.000689090970173334e+00
1.088519067831946074e+00
1.006656780001404572e+00
1.057457766957245360e+00
1.049019945165263978e+00
1.073960271788501286e+00
1.048149662845281105e+00
1.017072107717693186e+00
1.011762398869410662e+00
1.019645518797966943e+00
1.010265370475040614e+00
1.043000604946979326e+00
1.054162956355196190e+00
1.036973827649521063e+00
1.009389644236163397e+00
1.001869812278023630e+00
1.032176020992150889e+00
1.024598710043037153e+00
1.010090652152502599e+00
1.019105409324724487e+00
1.029554164247882486e+00
1.035949564775403786e+00
1.025448184729687018e+00
1.086165321270342377e+00
1.002312478903593096e+00
1.037885468915597631e+00
1.067212255473369176e+00
1.012005385262949586e+00
1.010815103657898728e+00
1.047016966072223054e+00
1.026046641216658450e+00
1.102354972281051948e+00
1.032782406402127817e+00
1.070248724909026672e+00
1.000610515713981519e+00
1.007775238007805552e+00
1.039990228174298981e+00
1.021863741822944815e+00
1.055368634925821780e+00
1.022589057755761921e+00
1.042419027116993524e+00
1.031201520595928844e+00
1.006017464980970555e+00
1.042856222294443080e+00
1.041842233045202848e+00
1.005805907679660383e+00
1.030914376423126777e+00
1.017306709623577055e+00
1.024368172706365820e+00
1.022229947425217889e+00
1.005253493058279046e+00
1.007952795245960154e+00
1.004348740934862372e+00
1.009716532419031365e+00
1.057601464702850658e+00
1.001226256284639682e+00
1.022748690657514503e+00
1.051122660391145214e+00
1.005025823656293449e+00
1.011543284261844589e+00
1.043708119168518689e+00
1.037059258461916045e+00
1.030989403523900449e+00
1.008648475973926706e+00
1.050406132671239501e+00
1.007107536934751968e+00
1.006771727608216205e+00
1.050461929933710126e+00
1.019169285162670135e+00
1.016050499084024006e+00
1.014227195628455425e+00
1.016722290440008614e+00
1.017578198028927794e+00
1.040987356424922794e+00
1.012198933572304060e+00
1.016741626583394620e+00
1.048441179430327663e+00
1.067960941882759585e+00
1.034470475488285635e+00
1.005270832759727728e+00
1.029561942630392135e+00
1.035566481583874321e+00
1.016128321833504211e+00
1.054348834421574566e+00
1.049057653032759774e+00
1.031825242663930053e+00
1.007290540945588564e+00
1.041073131910229321e+00
1.064460402654116233e+00
1.012715297646939128e+00
1.080600873612863611e+00
1.047934084988627834e+00
1.015386405517016977e+00
1.034760216734136096e+00
1.015792395650504165e+00
1.004985998781873446e+00
1.053868063138479361e+00
1.038484706028730997e+00
1.034554966245907037e+00
1.007146080208075611e+00
1.019627825747632333e+00
1.061246269735977021e+00
1.008222307711632348e+00
1.002396443910941404e+00
1.009649833163766219e+00
1.012719446788612698e+00
1.049223930946759253e+00
1.037104517937700088e+00
1.000867157008168196e+00
1.000864501830668996e+00
1.031251455401650086e+00
1.035977676869445752e+00
1.006296653800881291e+00
1.034298743264331577e+00
1.012203632378395390e+00
1.017365547318682673e+00
1.021421850204788928e+00
1.005829992018475672e+00
1.082354859604709230e+00
1.087413280507296465e+00
1.023539821712403208e+00
1.013103232638872919e+00
1.080566085507528751e+00
1.053123259120556821e+00
1.043417614489441148e+00
1.024546703540031745e+00
1.021522738906319949e+00
1.048769421025718351e+00
1.028137112870801451e+00
1.038071773194367386e+00
1.031203754826749197e+00
1.042347919192919470e+00
1.004715890605448081e+00
1.019641585827993913e+00
1.008415670660406827e+00
1.012292287302345883e+00
1.010148488005419898e+00
1.027103292225814091e+00
1.000949685796773458e+00
1.082722173460379356e+00
1.028095517224860700e+00
1.002630323858804795e+00
1.039795781005944386e+00
1.013707270048353370e+00
1.005354026833171766e+00
1.054640127280396689e+00
1.009997964229959688e+00
1.005252477626315422e+00
1.002847567675709151e+00
1.043809809327398863e+00
1.037656161024894663e+00
1.000409941393649582e+00
1.011218775329271402e+00
1.041696500600084008e+00
1.007653055200304459e+00
1.031924422919374029e+00
1.010786546815376052e+00
1.023791916917502709e+00
1.059799331544867718e+00
1.015508947662388417e+00
1.040118446887342785e+00
1.023141455552778245e+00
1.004819128123811023e+00
1.018689014635819401e+00
1.056069825359627679e+00
1.087026351422289094e+00
1.056582081807217799e+00
1.008167366210619420e+00
1.017849621359353751e+00
1.054752757478305103e+00
1.030376925858026649e+00
1.048438503223242169e+00
1.048605191983816409e+00
1.003558887066867022e+00
1.017678415982209428e+00
1.025593899587356139e+00
1.076032311890722015e+00
1.064993679189306430e+00
1.022245894642152431e+00
1.004794485857029684e+00
1.021174737149771472e+00
1.029189968279837331e+00
1.066176348668344209e+00
1.015093820871083130e+00
1.015847336644851051e+00
1.035522284381423352e+00
1.027220983480750860e+00
1.009892837967409474e+00
1.007275883754532142e+00
1.026239987030844292e+00
1.048773803733871191e+00
1.048715004612636559e+00
1.088558834354400151e+00
1.019929590309975431e+00
1.020456116014470727e+00
1.000090969755228043e+00
1.054591068217618277e+00
1.036988358138395183e+00
1.047792887055894129e+00
1.025080723020248108e+00
1.069501839047635627e+00
1.001455930304507858e+00
1.005783830001622636e+00
1.019551178744239284e+00
1.004263115569886011e+00
1.004403025086114232e+00
1.031249844232806190e+00
1.010940386500134514e+00
1.035474249401955316e+00
1.071685893493266040e+00
1.053835090321778800e+00
1.012627467941697113e+00
1.004492322691483919e+00
1.077602248848976041e+00
1.105767042551947243e+00
1.019465448271895003e+00
1.024478263924711641e+00
1.007306710601761690e+00
1.042172789909003860e+00
1.022175992297052138e+00
1.051358756632092106e+00
1.031961968837430632e+00
1.002140091987350878e+00
1.017268533722688773e+00
1.052001645045881562e+00
1.040295892212069306e+00
1.035920734507208785e+00
1.039020106384400899e+00
1.033908607900491994e+00
1.036568394841096863e+00
1.035023530703341965e+00
1.029028684619237355e+00
1.046572377110390084e+00
1.019184385562889039e+00
1.025362213546638923e+00
1.020997060670279177e+00
1.010582093850916907e+00
1.016554212534169555e+00
1.002752772173365781e+00
1.016752606413255045e+00
1.020376027088021109e+00
1.004679597856603213e+00
1.011165460979310815e+00
1.012685885217361470e+00
1.011530599033738209e+00
1.018110274692068717e+00
1.007283450427667537e+00
1.044078907329894390e+00
1.017692104378600693e+00
1.006141971406001145e+00
1.033096533956254115e+00
1.009058751205690108e+00
1.002905206718493147e+00
1.008221678658708154e+00
1.022068865194330600e+00
1.040746488254708391e+00
1.036596997549903421e+00
1.000260286320738601e+00
1.050269238712043585e+00
1.017308782834386527e+00
1.039604478021554312e+00
1.001634022035119420e+00
1.020558689053677970e+00
1.000980568708179197e+00
1.052917227217987639e+00
1.009434591508606927e+00
1.039184840058798409e+00
1.014141695378968810e+00
1.006799787934151702e+00
1.071910092189918062e+00
1.033196954711517179e+00
1.063610885736232525e+00
1.015724935334146428e+00
1.054580661559465948e+00
1.074980443051645640e+00
1.020638357493091064e+00
1.066124116980667225e+00
1.017275734425306943e+00
1.016701989360468517e+00
1.107958496943985738e+00
1.078343584928612486e+00
1.011590450924989337e+00
1.055530352699733054e+00
1.017681244683295683e+00
1.090673350081530213e+00
1.057233512185639546e+00
1.066279145085219593e+00
1.031713308822998609e+00
1.015054748843819965e+00
1.009978229722562793e+00
1.028668388871172512e+00
1.038940614376841598e+00
1.045035414775647098e+00
1.008584123457941795e+00
1.029188967341120531e+00
1.023013232442127718e+00
1.010531035050957094e+00
1.030314682635675050e+00
1.014080377277167155e+00
1.029134613161445388e+00
1.010111578576972757e+00
1.065316552557394880e+00
1.017441474545136337e+00
1.034289533691178375e+00
1.006120104920662950e+00
1.035732957285875777e+00
1.013874526946723975e+00
1.079797077212007350e+00
1.020579575965549157e+00
1.034078614490930192e+00
1.010924367400886981e+00
1.058905381437994508e+00
1.051509355074000895e+00
1.012480666880483104e+00
1.067520019123039177e+00
1.002008483045080389e+00
1.046066608417023591e+00
1.024309151488188796e+00
1.055302875297593923e+00
1.024768841798925134e+00
1.003282603146577356e+00
1.011482414872852065e+00
1.105568684167779425e+00
1.017225904899097255e+00
1.008069211959387035e+00
1.051681431298168379e+00
1.002254559157929492e+00
1.003324074816579259e+00
1.015235622233482626e+00
1.002371305084621467e+00
1.107920394713457268e+00
1.040547070062643575e+00
1.028135368881772038e+00
1.051604984553384359e+00
1.038221830182496364e+00
1.008731617408883396e+00
1.011122771736256531e+00
1.059840820188305610e+00
1.017378732524220064e+00
1.023696870617105237e+00
1.020407490526383798e+00
1.002603182239596658e+00
1.041687178057374430e+00
1.029462791792939091e+00
1.039313667702678856e+00
1.014203727594886528e+00
1.021311269550768452e+00
1.009726973147505147e+00
1.022050693464618076e+00
1.037517783964141849e+00
1.075869853578913737e+00
1.038298489384404943e+00
1.028493352277873196e+00
1.021857986284286035e+00
1.005292593174791804e+00
1.025474543268688032e+00
1.007804204154404415e+00
1.032299574298872535e+00
1.043964000857902752e+00
1.076422840207939435e+00
1.015199829754636518e+00
1.020736756318084471e+00
1.009228302735942329e+00
1.061457722773602619e+00
1.053859218635890826e+00
1.048311153989164968e+00
1.002866794893811919e+00
1.030565615472425200e+00
1.011924310002709992e+00
1.006006423042994369e+00
1.049008295071571339e+00
1.010704903043182945e+00
1.026945588988396496e+00
1.028553736978043753e+00
1.010793055882156732e+00
1.026411594246381620e+00
1.002642769343633500e+00
1.000003622280359439e+00
1.061848251085239392e+00
1.021812808633608016e+00
1.066777632823212141e+00
1.026663693246500531e+00
1.022718784027289107e+00
1.015149286795262284e+00
1.004091342309516799e+00
1.015892259543727416e+00
1.034155127940322716e+00
1.047072232676568460e+00
1.029512091637971638e+00
1.046622508354229764e+00
1.007938955890917532e+00
1.032372550137119260e+00
1.062227970559031620e+00
1.011035824678553574e+00
1.011540956895369936e+00
1.045667099475898754e+00
1.052407122779524862e+00
1.012607286675694329e+00
1.017082963461332312e+00
1.035863711501424644e+00
1.020824084857806069e+00
1.035287624897254233e+00
1.026671352892035260e+00
1.048175753613693750e+00
1.056692021249304503e+00
1.059255259053093257e+00
1.034375561538820154e+00
1.034452224333980874e+00
1.023816542850341627e+00
1.001380899664317203e+00
1.015324977224682623e+00
1.003188080824652717e+00
1.023112146515793741e+00
1.057187296824245060e+00
1.033322518114447197e+00
1.039264466316814017e+00
1.009488104410254383e+00
1.013340149409288848e+00
1.008213509056367752e+00
1.056258568333848791e+00
1.014314630432286313e+00
1.030942344388152465e+00
1.007093036124510288e+00
1.006224126274494202e+00
1.017964248395571758e+00
1.017016350023584925e+00
1.016934291509201005e+00
1.033615610363175508e+00
1.016233448294285191e+00
1.047672011697877714e+00
1.004543034404758339e+00
1.016712128722979003e+00
1.038754519347313998e+00
1.033758119039215773e+00
1.005997848607269596e+00
1.023211960356223527e+00
1.015866661892129486e+00
1.035871262440822393e+00
1.006521935143199320e+00
1.038864411050808290e+00
1.024668782118374422e+00
1.014025935052374150e+00
1.045572392925182781e+00
1.009483058970370495e+00
1.007657998840443048e+00
1.000767801251472244e+00
1.058879392479726622e+00
1.026418084108891238e+00
1.027951847118489193e+00
1.005757631921317508e+00
1.005404909276165437e+00
1.017204283631778949e+00
1.027920903175663092e+00
1.041369941108606589e+00
1.026848976961684867e+00
1.054800037737730456e+00
1.019628683984899808e+00
1.001404610063954648e+00
1.022428223987472906e+00
1.004257922543326798e+00
1.016563225423434691e+00
1.095036988900525143e+00
1.058302608450454541e+00
1.011999710876106295e+00
1.019548085483289457e+00
1.022722123145340944e+00
1.047180525237441984e+00
1.001673251169612477e+00
1.001931781718074621e+00
1.005876639795232341e+00
1.035607041691372965e+00
1.021752379808408273e+00
1.057109657102541567e+00
1.014514424647884328e+00
1.026224787753653889e+00
1.041878015927024448e+00
1.029800065174841128e+00
1.016277422401413277e+00
1.007673521955533058e+00
1.029497515626270010e+00
1.007145248159948769e+00
1.074302414773268710e+00
1.029450761582956009e+00
1.008816139436612191e+00
1.043095871294858368e+00
1.005191610760796106e+00
1.047969203246295278e+00
1.024274300520048531e+00
1.006663419942965376e+00
1.001861119577140302e+00
1.104027192955636894e+00
1.013998201130142940e+00
1.078288579909732814e+00
1.027009900868576908e+00
1.027083990787913681e+00
1.004563110438907003e+00
1.077771466209734408e+00
1.044207088872177946e+00
1.028080419622229069e+00
1.006035344354754280e+00
1.008855140525823035e+00
1.022780985451050118e+00
1.018779612697535253e+00
1.030660672510691045e+00
1.003822797695156144e+00
1.002018044481098880e+00
1.027594746310158236e+00
1.001425291297970421e+00
1.002980186863017709e+00
1.019569442163858142e+00
1.003091857687999244e+00
1.020085485245546320e+00
1.012276910583384204e+00
1.009475882733053220e+00
1.021182648735049492e+00
1.006017482087642634e+00
1.018078023051630199e+00
1.022940340282535887e+00
1.054601929206103073e+00
1.072551043871666332e+00
1.015818910649519680e+00
