9.803693489131256600e-01
1.020556508314629962e+00
9.875443749225586432e-01
9.633249396593870362e-01
9.213803670782149124e-01
9.401362907953492165e-01
1.018640058539654669e+00
9.953469351998547321e-01
1.003672773604583179e+00
1.050512406245780239e+00
1.093570304345705679e+00
9.686913643864084600e-01
1.016835151603892484e+00
9.746745550026882920e-01
9.183805820679856735e-01
1.028043866545291785e+00
9.812939663916833144e-01
9.881441656907181681e-01
1.008928723622393830e+00
1.038332667660838204e+00
1.013166317563560348e+00
1.045560428215790427e+00
9.759145874486299110e-01
1.033386601500644320e+00
9.642362616317303736e-01
1.066901843849655140e+00
1.019549731844292539e+00
9.685017858592529505e-01
1.064795058108655601e+00
1.024616133584803190e+00
9.735145112644241205e-01
9.682007187584323882e-01
1.001825530486332383e+00
9.220500497535373263e-01
9.673907638106779006e-01
9.924031549549570119e-01
9.871668389078482875e-01
9.963427961593261939e-01
9.764039832036164324e-01
1.008771232526503692e+00
1.043912278719979936e+00
9.525033742020015959e-01
1.001743069960307819e+00
9.553332713721338632e-01
1.022941510535560816e+00
9.894576218685099400e-01
1.006589155620159381e+00
9.638825456498443245e-01
9.576484078864345717e-01
9.988022824640401254e-01
9.851915704453051426e-01
1.062336396304519148e+00
1.028941515073549251e+00
1.026811611316395201e+00
1.052121668585642933e+00
9.447034727190244396e-01
1.005248102942250421e+00
1.008534313604201316e+00
1.070944506217881509e+00
9.781151278473274591e-01
9.718544363067201930e-01
9.488048616345408082e-01
9.146480504425364977e-01
1.058891780217980250e+00
1.017587309509638382e+00
1.031588603647368707e+00
9.768916168769462560e-01
1.008732806413177530e+00
9.391042631476976821e-01
9.985586371605996714e-01
1.080182544294541191e+00
1.046307703560292790e+00
9.833002832997305154e-01
1.070768195008563461e+00
9.706698221258427406e-01
1.065531380835139430e+00
1.062657780243398076e+00
1.033551053941943687e+00
1.013321598043477101e+00
1.045875892191140188e+00
9.782166927691868796e-01
1.041276518807069618e+00
1.011996357534700186e+00
9.112323496539231904e-01
9.842879908587389703e-01
9.582223875980175887e-01
1.083723555567132291e+00
9.978302324060225326e-01
9.997384430561215840e-01
1.014281968345191132e+00
9.865758243558421237e-01
9.562259123511045456e-01
1.036938630577262321e+00
9.648617244692659911e-01
1.001135051575775536e+00
9.696922310614797258e-01
9.482427268250986918e-01
1.043608734621566336e+00
1.077021860798462516e+00
1.070418201675403802e+00
