4.968616850441399890e+00
4.832279673714714896e+00
4.515479831383345299e+00
4.447289608926003446e+00
4.562096267050085530e+00
4.768901831868153529e+00
5.212475408411948230e+00
4.648851680014736587e+00
5.107545497866367690e+00
4.764009387318942856e+00
3.755851820730498059e+00
4.501037982982969865e+00
4.218160562414442261e+00
4.216231838864430870e+00
4.315317110956017110e+00
4.258760381094718106e+00
4.599169372423784985e+00
4.738896882525858167e+00
4.191700136123460929e+00
3.936243024195521301e+00
3.717573629374387956e+00
4.595519964791119349e+00
4.053876292295605310e+00
3.322231836310426178e+00
5.229629489228022621e+00
4.546616057235397967e+00
3.837085523586298397e+00
5.003268028654024313e+00
5.562452603431303544e+00
4.435401218210160756e+00
3.638750645549694962e+00
3.906327901522768986e+00
4.349429838049712949e+00
5.101527903854957025e+00
3.977558836224042160e+00
4.965339329656424994e+00
3.414641163542190050e+00
4.446492700268855458e+00
4.685118628948011121e+00
3.724202090190630976e+00
4.645877143614715266e+00
5.296429653173585272e+00
4.003304904852987178e+00
4.805819042865190127e+00
4.638479099029418684e+00
4.051981289692927923e+00
3.249821619773539894e+00
3.322962869403982111e+00
4.540265349241261461e+00
5.289270926723371957e+00
4.684986408093287480e+00
4.782995199352117588e+00
4.492311225016500487e+00
4.603364111493799982e+00
3.928134304350130002e+00
5.079619523708474915e+00
4.854427274502609357e+00
5.955528008857045918e+00
4.234519564883404641e+00
4.125647926486684547e+00
3.925217785478514188e+00
5.400888534976644451e+00
4.887593109048916418e+00
4.015604249012656446e+00
4.566225828745162474e+00
4.391068859190166762e+00
3.984959534171379048e+00
4.007013100277061035e+00
5.396227815046536591e+00
4.244912143698329920e+00
5.283485614789340090e+00
3.782384611551385944e+00
4.450794590829535657e+00
3.935903118079248753e+00
3.204590264640240882e+00
4.567591079546065025e+00
3.896962028334639339e+00
4.794433170773635844e+00
4.759495334232610730e+00
4.035284544813653618e+00
5.284783859450396193e+00
4.792971973669424735e+00
4.234876384721625087e+00
4.775573818434020623e+00
4.809330699350883975e+00
4.296802683486037111e+00
4.341456194316851480e+00
4.319575958042752184e+00
4.648305761242058409e+00
5.141946056991072211e+00
4.029189263936194365e+00
5.075659795492213355e+00
3.541768989761413522e+00
4.706693697666102238e+00
4.391929438931159169e+00
4.905437990026612738e+00
4.793202210454797552e+00
4.475058493611880905e+00
4.684403272033947019e+00
4.502222297090225034e+00
