1.995052288226139448e+00
1.996761739431747618e+00
2.000626325420247653e+00
2.006763633915790379e+00
1.995697515637817832e+00
2.014336139276017956e+00
2.010907954333871928e+00
1.983423126674686010e+00
1.993369289464368865e+00
1.998645688859875147e+00
1.987443855161256323e+00
1.996105617454059455e+00
2.006436461005596250e+00
2.004691379454431654e+00
2.003117491879859102e+00
2.005549290446345445e+00
1.991758377508306310e+00
1.995921669255332986e+00
2.004572170626319316e+00
2.011711699438663903e+00
2.001097042971661466e+00
1.994251596900120660e+00
1.981226527485741906e+00
2.005543689929062179e+00
1.975857631151378246e+00
1.996752339481229654e+00
2.000766203483760997e+00
2.014194183818499795e+00
1.986561258613088743e+00
1.997620045767334762e+00
1.980281470826411816e+00
1.995946523271048267e+00
2.003113456296908623e+00
1.994143874257292781e+00
1.991927108252221856e+00
1.988032562955611038e+00
2.001945828732241139e+00
2.005108444401416889e+00
2.004453238718657104e+00
2.016339090054015237e+00
1.972182356341439569e+00
2.003777629596070309e+00
2.002543624912534348e+00
2.002243039792997337e+00
2.017837803712646760e+00
1.978768746197065997e+00
2.005143101898411828e+00
2.008915341103104879e+00
2.000245854728849970e+00
1.995710089516780084e+00
2.008093398791862327e+00
1.987025774892201779e+00
1.998541898657783866e+00
2.000500340543387434e+00
2.005070964038668802e+00
1.986646794759226120e+00
1.992537542946770213e+00
1.997732306852076922e+00
2.003141453412853323e+00
2.012105225647638385e+00
2.003023993325157015e+00
1.988898234179848235e+00
2.020658808188775080e+00
2.011348730087965997e+00
2.000068199896838816e+00
2.014210437660024056e+00
2.001039129722354204e+00
2.014276665300243963e+00
2.009537597597199632e+00
2.018561850980909345e+00
2.014036121387769107e+00
1.982013093884519961e+00
1.990645258678386043e+00
1.997184249246689802e+00
2.016659940205054902e+00
1.994756826608887090e+00
1.990074622782580516e+00
2.012071077053552592e+00
1.998652238091002342e+00
2.013277860058368951e+00
1.990064888770135987e+00
2.004155149449484696e+00
1.998496994583363939e+00
1.985708931954880629e+00
2.005142550118693912e+00
1.993173017109269196e+00
1.982448347452523407e+00
1.984447586365723604e+00
1.984542173729897163e+00
2.013269232120930674e+00
2.006429875716717603e+00
2.012705879231881045e+00
2.004470549606841789e+00
2.000726053843520980e+00
1.994883453475795765e+00
2.028722582752385595e+00
1.996473863699682827e+00
1.999263613274669726e+00
1.996899071506690770e+00
2.020440749710550321e+00
