9.899964647831499542e-01
1.058821362786972253e+00
9.486500476543208160e-01
1.064036385799920215e+00
1.044959065334389425e+00
9.953939275629617445e-01
9.820383424291294627e-01
9.708064175012091068e-01
1.011638992296334916e+00
9.265035434023279892e-01
9.138256908571699144e-01
9.928223602314848462e-01
9.403884224078160603e-01
9.732642307264443016e-01
9.692688657685112341e-01
9.734207526161675617e-01
9.551433255658127175e-01
9.097611589921951181e-01
9.520852990083988887e-01
1.012059673100431656e+00
1.077895740794188484e+00
1.093579670906652757e+00
9.908008452912269171e-01
9.607044894405807334e-01
1.014206039250768798e+00
9.990278686121537577e-01
1.092190095232246971e+00
9.395317195656107678e-01
1.031326538803829740e+00
9.776772239814391918e-01
9.719301381847945676e-01
1.016772330604640340e+00
9.725227701073523301e-01
1.017140295024571373e+00
1.001735985553602326e+00
9.923422515590578641e-01
1.005500567327752615e+00
9.775192379961101796e-01
1.021736223035667024e+00
9.913972510767935509e-01
9.857199634122596477e-01
1.037954844302131363e+00
1.057571910560802797e+00
9.326054002354658978e-01
9.707910865310493964e-01
9.844271619152564767e-01
1.035853911698865870e+00
1.087330141165918862e+00
1.074635647538462413e+00
1.052410942364018887e+00
9.786267589594246363e-01
1.096377152105346475e+00
9.729473628806950547e-01
9.500560980938889122e-01
1.066166445266770069e+00
9.708948261220158304e-01
1.019807743886736562e+00
9.372511179243484536e-01
1.024598359732094677e+00
1.047345198399392441e+00
9.757816238574310574e-01
9.876816537612104208e-01
9.871801602384014940e-01
1.026827257850107200e+00
9.714650482542686039e-01
9.621252919492216948e-01
9.949019521266945221e-01
9.795363330953663628e-01
1.039645228698518054e+00
9.714565881278389714e-01
1.000239580700602593e+00
1.063073520850079223e+00
1.013698407281577341e+00
1.044546762240385451e+00
1.062261451407676915e+00
1.027075945021973746e+00
1.020927149321729566e+00
1.074068013150596190e+00
1.101457815609355961e+00
9.951575926202707034e-01
9.412262471131376262e-01
9.781903766616932838e-01
9.589445376670393539e-01
9.916668738110994141e-01
9.551873159360488863e-01
1.010560806003895085e+00
9.880754379901445228e-01
1.050227617073152819e+00
1.073973066947850441e+00
1.004711794685631210e+00
9.760684414801966691e-01
1.009331448584256830e+00
1.050532412278596395e+00
9.905617537405130291e-01
1.005236554588926134e+00
9.756871199275237716e-01
9.955232736722232634e-01
9.900434278544448796e-01
9.728203676987368098e-01
1.000588214942018439e+00
