1.513198383288383297e+00
1.507522423420540880e+00
1.495687550923221698e+00
1.486022986875108920e+00
1.497653525049806866e+00
1.492684909591623033e+00
1.488852912950815455e+00
1.483875054437141294e+00
1.505995423594033156e+00
1.477241488023430804e+00
1.507407607738968869e+00
1.489503809409040258e+00
1.485917064513134100e+00
1.486567964376283912e+00
1.504455748439930352e+00
1.493108588072520337e+00
1.497994864136143356e+00
1.501443014702702028e+00
1.510827989936512017e+00
1.506038979759484420e+00
1.493881784202482077e+00
1.488805907781767468e+00
1.484051627770938575e+00
1.494801918078533465e+00
1.493631710988089445e+00
1.498898382965651477e+00
1.504768943873115772e+00
1.505118598369715954e+00
1.494275803301586825e+00
1.496943273663806862e+00
1.490890124308489550e+00
1.508013846904068256e+00
1.484182040192406848e+00
1.505157836594189114e+00
1.507677946253489942e+00
1.507634670995315007e+00
1.493548733713167209e+00
1.496782291193029746e+00
1.502213746494196478e+00
1.493956993959959512e+00
1.496704044671536948e+00
1.491478098457498458e+00
1.498992032004753394e+00
1.483004978111682526e+00
1.508408923742732055e+00
1.485741543271183795e+00
1.500472302701589156e+00
1.494950873646447187e+00
1.501956116994716872e+00
1.517441478144331946e+00
1.503733882395972943e+00
1.481927600311886639e+00
1.498246503220140635e+00
1.500251111640542589e+00
1.500908081795166771e+00
1.504715962851585820e+00
1.494100023059288240e+00
1.488682061904720744e+00
1.497276479695195395e+00
1.517104182728824080e+00
1.491114812665826239e+00
1.513045911889375095e+00
1.501100268261938764e+00
1.498917820963396874e+00
1.511852536345443587e+00
1.498960486085936461e+00
1.505952674250123025e+00
1.497441292530392820e+00
1.513049460643257627e+00
1.504959212688061099e+00
1.505233138110374513e+00
1.495537834138946920e+00
1.506959778290077878e+00
1.503479497935480635e+00
1.492937626499645676e+00
1.490077542191642568e+00
1.508288009493272686e+00
1.517410957630179968e+00
1.498948763011396901e+00
1.502300773442421633e+00
1.510701435219007127e+00
1.498925688037782145e+00
1.516633067595408058e+00
1.501910356332759156e+00
1.509182924887933153e+00
1.513336683762369184e+00
1.508984374797943229e+00
1.490031327020742147e+00
1.503289372450481665e+00
1.497425980753027019e+00
1.484676087040109227e+00
1.498084114393272159e+00
1.493525923309241943e+00
1.510323175480407620e+00
1.481656985098305235e+00
1.517390011748324108e+00
1.496291344790020572e+00
1.496327248400028287e+00
1.478637249999605885e+00
1.491043966585858360e+00
