1.982492303925939225e+00
2.003576706660922468e+00
1.997680872954081810e+00
1.996877007963158146e+00
2.008755585689653955e+00
2.005505691238468557e+00
2.016884109538274572e+00
1.996199017449014512e+00
2.012676737837024721e+00
2.007387387884340235e+00
1.996346488527225738e+00
2.003098577579490946e+00
1.994424327355650339e+00
2.011474391564882502e+00
1.987862799215325937e+00
1.992019969541676705e+00
1.990961342346628360e+00
1.997544776499149854e+00
2.006595633502157749e+00
2.000674981912766714e+00
1.999691042095750770e+00
1.967342977023996298e+00
1.998119066203000838e+00
1.984743921247404508e+00
1.991875029946731379e+00
2.014938603563144248e+00
1.992121704411353056e+00
2.010728805301586597e+00
2.008520015047587037e+00
1.990020270464258223e+00
2.002681601008462486e+00
1.988030440992440528e+00
2.006064383886488223e+00
2.003516837545100238e+00
2.008850625866814621e+00
1.999483017087156256e+00
2.013713244910514177e+00
1.983488007370403317e+00
1.994550343316713548e+00
2.005682064311772983e+00
1.997932670508139275e+00
1.990574335524870619e+00
1.987585010636553129e+00
2.009052711110820510e+00
1.999326284994986880e+00
2.011864803521561385e+00
2.006227912160529758e+00
1.997717506669737908e+00
1.996774314676257100e+00
2.000392095663011460e+00
2.012215440612012962e+00
2.006349778818310448e+00
1.974346079531496212e+00
2.005076707035214234e+00
2.014017658271104683e+00
2.005547166570648798e+00
1.990731637548662780e+00
1.999586743124495136e+00
1.989210993876493028e+00
1.996388543334753685e+00
2.015310140668051364e+00
2.014276612493781204e+00
1.994255653402646544e+00
1.995865297140871908e+00
2.002538981245277405e+00
2.017890584084130801e+00
1.989540901758037883e+00
1.993471194475409991e+00
2.011433667647906987e+00
1.999796754395381626e+00
2.012756541148744915e+00
1.991054651553803012e+00
2.000819797391178767e+00
1.995497625913726925e+00
1.995226109636210499e+00
1.998664443143618019e+00
1.998314554488693773e+00
1.996344404447134790e+00
2.013720159923709119e+00
2.006180966519734987e+00
2.006054108895184651e+00
1.994463624161828763e+00
2.001960370698208980e+00
2.007694248631010314e+00
2.008259732559770416e+00
1.995998702070272968e+00
2.007417241464148905e+00
2.006307374523332854e+00
1.989264244732738440e+00
2.011074276824287299e+00
1.998523803421605294e+00
1.999659294565669043e+00
1.998702173091687406e+00
2.001708928777119922e+00
2.003085530954413329e+00
1.999954368322332421e+00
2.011113379420719660e+00
2.003258597264251151e+00
1.997503472465328223e+00
1.997896359051861914e+00
