1.997499116195787572e+00
2.014705340696743008e+00
1.987162511913580065e+00
2.016009096449979943e+00
2.011239766333597245e+00
1.998848481890740381e+00
1.995509585607282421e+00
1.992701604375302304e+00
2.002909748074083396e+00
1.981625885850581970e+00
1.978456422714292451e+00
1.998205590057871239e+00
1.985097105601953960e+00
1.993316057681611131e+00
1.992317216442127670e+00
1.993355188154041890e+00
1.988785831391453041e+00
1.977440289748048752e+00
1.988021324752099694e+00
2.003014918275107803e+00
2.019473935198547121e+00
2.023394917726663245e+00
1.997700211322806840e+00
1.990176122360145072e+00
2.003551509812692366e+00
1.999756967153038412e+00
2.023047523808061854e+00
1.984882929891402803e+00
2.007831634700957490e+00
1.994419305995359881e+00
1.992982534546198670e+00
2.004193082651160029e+00
1.993130692526837944e+00
2.004285073756142843e+00
2.000433996388400359e+00
1.998085562889764466e+00
2.001375141831938098e+00
1.994379809499027489e+00
2.005434055758916756e+00
1.997849312769198526e+00
1.996429990853064940e+00
2.009488711075532841e+00
2.014392977640200755e+00
1.983151350058866447e+00
1.992697771632762294e+00
1.996106790478814119e+00
2.008963477924716301e+00
2.021832535291479438e+00
2.018658911884615659e+00
2.013102735591004944e+00
1.994656689739856326e+00
2.024094288026336841e+00
1.993236840720173930e+00
1.987514024523472145e+00
2.016541611316692517e+00
1.992723706530504124e+00
2.004951935971684307e+00
1.984312779481087086e+00
2.006149589933023947e+00
2.011836299599848221e+00
1.993945405964357764e+00
1.996920413440302688e+00
1.996795040059600401e+00
2.006706814462527078e+00
1.992866262063567095e+00
1.990531322987305396e+00
1.998725488031673603e+00
1.994884083273841480e+00
2.009911307174629513e+00
1.992864147031959909e+00
2.000059895175150704e+00
2.015768380212519695e+00
2.003424601820394280e+00
2.011136690560096696e+00
2.015565362851919229e+00
2.006768986255493381e+00
2.005231787330432169e+00
2.018517003287648937e+00
2.025364453902338990e+00
1.998789398155067731e+00
1.985306561778284351e+00
1.994547594165423376e+00
1.989736134416759672e+00
1.997916718452774854e+00
1.988796828984012333e+00
2.002640201500973660e+00
1.997018859497535992e+00
2.012556904268288260e+00
2.018493266736962610e+00
2.001177948671407858e+00
1.994017110370049028e+00
2.002332862146064318e+00
2.012633103069648932e+00
1.997640438435128285e+00
2.001309138647231478e+00
1.993921779981880915e+00
1.998880818418055760e+00
1.997510856963611303e+00
1.993205091924684202e+00
2.000147053735504610e+00
