1.496766522714279457e+00
1.492374429980197981e+00
1.485984979901122660e+00
1.486297915657906366e+00
1.492325144689593985e+00
1.487185285503151544e+00
1.493721151812202663e+00
1.484949021598600982e+00
1.484906514525150545e+00
1.510637374795342769e+00
1.490142188576111026e+00
1.501501640497857393e+00
1.507502753074732027e+00
1.498905166544431955e+00
1.489779088378937688e+00
1.491569353437802503e+00
1.498312183756079774e+00
1.500708315499583279e+00
1.496131679982808160e+00
1.507771999706652544e+00
1.506777082377335431e+00
1.514553355650706701e+00
1.481035843045450884e+00
1.512573762707331015e+00
1.497273699068335073e+00
1.511668894691241993e+00
1.504980760399378559e+00
1.522367530316098172e+00
1.507039962698840441e+00
1.496536627162492028e+00
1.500026649822429059e+00
1.496850219376062663e+00
1.496546399033944041e+00
1.493594406214261650e+00
1.499898988566721991e+00
1.504725698318925220e+00
1.494092389597462933e+00
1.500611492108645084e+00
1.488118151430244396e+00
1.490049060517486534e+00
1.483233590263892010e+00
1.518916538616313705e+00
1.473359541130704997e+00
1.490792097303920372e+00
1.502867986538098499e+00
1.486040820270325913e+00
1.511845207336998120e+00
1.505817134886923370e+00
1.518301998707668243e+00
1.500191406472836553e+00
1.494767601688589354e+00
1.501243996450064122e+00
1.514819163073152897e+00
1.500520647183259060e+00
1.493787179527036990e+00
1.511620813514666484e+00
1.496732242432859739e+00
1.470074639618857759e+00
1.493182073064689863e+00
1.495273557657943675e+00
1.510748429142411142e+00
1.498957945816117743e+00
1.498606512587580042e+00
1.495768756436761215e+00
1.511783834968851048e+00
1.515984338956077870e+00
1.524039421059395272e+00
1.496859493022592913e+00
1.518269644895335446e+00
1.508129602291981897e+00
1.504556777770549303e+00
1.493093395652977051e+00
1.492157859492134531e+00
1.490300986137854222e+00
1.514238607713863427e+00
1.494584859624858986e+00
1.498821524983697140e+00
1.499848539567619543e+00
1.507660327610960582e+00
1.510120166827516375e+00
1.489155050442134476e+00
1.498157390164464919e+00
1.510062606077058556e+00
1.509078955887029005e+00
1.487320827883575447e+00
1.489905663303073169e+00
1.494876375747141495e+00
1.485630005089678463e+00
1.498100215350421927e+00
1.487607026785179976e+00
1.501718380985870294e+00
1.493146354047540481e+00
1.502441251829638613e+00
1.488125528361151417e+00
1.519753163127108619e+00
1.514951412118362040e+00
1.497253613602036681e+00
1.493006881903759631e+00
1.493267628429724603e+00
1.499583617372371780e+00
