9.802091529045577900e-01
9.870469577269903594e-01
1.002505301680990835e+00
1.027054535663161072e+00
9.827900625512714372e-01
1.057344557104071381e+00
1.043631817335486600e+00
9.336925066987442623e-01
9.734771578574751283e-01
9.945827554394999215e-01
9.497754206450252923e-01
9.844224698162374887e-01
1.025745844022385223e+00
1.018765517817726618e+00
1.012469967519436187e+00
1.022197161785382002e+00
9.670335100332259071e-01
9.836866770213319455e-01
1.018288682505277265e+00
1.046846797754655167e+00
1.004388171886645864e+00
9.770063876004820846e-01
9.249061099429676247e-01
1.022174759716248493e+00
9.034305246055125416e-01
9.870093579249183957e-01
1.003064813935044208e+00
1.056776735273998069e+00
9.462450344523555268e-01
9.904801830693391596e-01
9.211258833056475970e-01
9.837860930841929585e-01
1.012453825187633383e+00
9.765754970291710135e-01
9.677084330088879804e-01
9.521302518224441513e-01
1.007783314928965890e+00
1.020433777605668224e+00
1.017812954874627307e+00
1.065356360216062059e+00
8.887294253657578302e-01
1.015110518384281457e+00
1.010174499650137170e+00
1.008972159171989347e+00
1.071351214850587708e+00
9.150749847882642118e-01
1.020572407593647757e+00
1.035661364412420182e+00
1.000983418915398548e+00
9.828403580671207784e-01
1.032373595167450420e+00
9.481030995688072283e-01
9.941675946311353540e-01
1.002001362173549737e+00
1.020283856154674984e+00
9.465871790369043692e-01
9.701501717870805175e-01
9.909292274083075780e-01
1.012565813651411961e+00
1.048420902590553982e+00
1.012095973300629170e+00
9.555929367193926049e-01
1.082635232755100541e+00
1.045394920351864432e+00
1.000272799587354822e+00
1.056841750640096889e+00
1.004156518889417926e+00
1.057106661200976072e+00
1.038150390388798971e+00
1.074247403923636934e+00
1.056144485551075096e+00
9.280523755380797324e-01
9.625810347135436151e-01
9.887369969867596531e-01
1.066639760820220495e+00
9.790273064355484722e-01
9.602984911303217297e-01
1.048284308214209926e+00
9.946089523640089247e-01
1.053111440233476248e+00
9.602595550805442803e-01
1.016620597797938785e+00
9.939879783334557573e-01
9.428357278195226288e-01
1.020570200474775424e+00
9.726920684370773396e-01
9.297933898100934069e-01
9.377903454628941926e-01
9.381686949195884306e-01
1.053076928483722252e+00
1.025719502866870192e+00
1.050823516927524404e+00
1.017882198427366935e+00
1.002904215374083030e+00
9.795338139031825042e-01
1.114890331009541935e+00
9.858954547987310857e-01
9.970544530986794607e-01
9.875962860267624155e-01
1.081762998842201728e+00
