1.497499116195787572e+00
1.514705340696743008e+00
1.487162511913580065e+00
1.516009096449980165e+00
1.511239766333597467e+00
1.498848481890740381e+00
1.495509585607282421e+00
1.492701604375302304e+00
1.502909748074083618e+00
1.481625885850581970e+00
1.478456422714292451e+00
1.498205590057871239e+00
1.485097105601953960e+00
1.493316057681611131e+00
1.492317216442127670e+00
1.493355188154041890e+00
1.488785831391453041e+00
1.477440289748048752e+00
1.488021324752099694e+00
1.503014918275108025e+00
1.519473935198547121e+00
1.523394917726663245e+00
1.497700211322806840e+00
1.490176122360145072e+00
1.503551509812692144e+00
1.499756967153038412e+00
1.523047523808061854e+00
1.484882929891402803e+00
1.507831634700957490e+00
1.494419305995359881e+00
1.492982534546198670e+00
1.504193082651160029e+00
1.493130692526837944e+00
1.504285073756142843e+00
1.500433996388400582e+00
1.498085562889764466e+00
1.501375141831938098e+00
1.494379809499027489e+00
1.505434055758916756e+00
1.497849312769198526e+00
1.496429990853064940e+00
1.509488711075532841e+00
1.514392977640200755e+00
1.483151350058866447e+00
1.492697771632762294e+00
1.496106790478814119e+00
1.508963477924716523e+00
1.521832535291479660e+00
1.518658911884615659e+00
1.513102735591004722e+00
1.494656689739856326e+00
1.524094288026336619e+00
1.493236840720173930e+00
1.487514024523472145e+00
1.516541611316692517e+00
1.492723706530504124e+00
1.504951935971684085e+00
1.484312779481087086e+00
1.506149589933023725e+00
1.511836299599848221e+00
1.493945405964357764e+00
1.496920413440302688e+00
1.496795040059600401e+00
1.506706814462526856e+00
1.492866262063567095e+00
1.490531322987305396e+00
1.498725488031673603e+00
1.494884083273841480e+00
1.509911307174629513e+00
1.492864147031959909e+00
1.500059895175150704e+00
1.515768380212519695e+00
1.503424601820394280e+00
1.511136690560096474e+00
1.515565362851919229e+00
1.506768986255493381e+00
1.505231787330432391e+00
1.518517003287648937e+00
1.525364453902338990e+00
1.498789398155067731e+00
1.485306561778284351e+00
1.494547594165423376e+00
1.489736134416759672e+00
1.497916718452774854e+00
1.488796828984012333e+00
1.502640201500973660e+00
1.497018859497535992e+00
1.512556904268288260e+00
1.518493266736962610e+00
1.501177948671407858e+00
1.494017110370049028e+00
1.502332862146064318e+00
1.512633103069649154e+00
1.497640438435128285e+00
1.501309138647231478e+00
1.493921779981880915e+00
1.498880818418055760e+00
1.497510856963611303e+00
1.493205091924684202e+00
1.500147053735504610e+00
