5.199758509267285334e+00
4.388318448861501686e+00
4.245344336629899296e+00
5.290505595859918309e+00
5.675762683063584113e+00
4.077207624730177393e+00
4.701924809596139454e+00
3.877307994232586541e+00
4.693894631217784053e+00
4.971800535793747144e+00
4.740157863962581430e+00
4.395639652793130736e+00
4.351281382044430934e+00
4.364404952346760069e+00
4.613401864451932788e+00
5.091428961634089312e+00
5.234435677516088070e+00
3.694223488953551904e+00
4.045400213237267728e+00
3.892608192448907545e+00
4.067163291235512013e+00
4.302752502204542751e+00
4.508186615938398312e+00
4.665213365716955884e+00
4.809652416103351591e+00
5.113560764494992306e+00
5.646716178620312832e+00
4.710135807834661570e+00
5.008376482313529721e+00
4.882793311768645061e+00
4.248570976161726520e+00
5.076859417307136191e+00
3.640257992634233553e+00
2.811851846880825789e+00
4.199218646194710303e+00
4.452424606761641535e+00
4.677043149244932252e+00
3.864235522233729014e+00
4.724120183735746714e+00
4.924062584595310987e+00
4.052349156886302595e+00
4.392809854351276577e+00
4.525057955771488949e+00
4.439451393205396279e+00
4.920506958235960404e+00
5.378390327217342559e+00
4.918943943867111201e+00
3.790648523182947649e+00
4.929691853534206025e+00
3.749184948444925336e+00
4.140337560671589756e+00
3.988379374847437209e+00
4.074741950454773942e+00
4.535517596736849733e+00
4.722292088203481342e+00
4.462768866699175163e+00
5.373582497227262778e+00
4.147318722186317252e+00
4.858220132797226753e+00
5.063626363762465665e+00
4.578104819939845527e+00
4.445022462602870483e+00
4.621741594575595080e+00
4.410297394714207009e+00
4.569397442935998477e+00
4.395128270338640064e+00
4.373934248563771554e+00
4.755531413961898934e+00
3.838300051649028877e+00
4.016039820236608548e+00
5.020793652892820980e+00
4.871199763245392056e+00
4.210735818893241778e+00
4.343669261029185158e+00
5.223410637149562774e+00
4.954030920604450827e+00
4.645332593003002941e+00
4.116414924695894761e+00
3.648328619385130533e+00
4.413413657646229282e+00
4.723589570050824804e+00
4.974088829105317799e+00
5.024018035166734286e+00
3.579261891096571890e+00
4.153503598186572887e+00
4.292532288145897823e+00
4.058711094814634102e+00
4.926148524705139309e+00
4.865263206598712031e+00
4.521103351414898164e+00
5.559165505835450105e+00
3.968869354596710863e+00
5.139784734255957055e+00
3.903572937532544973e+00
4.009267423977678213e+00
4.756778607293941974e+00
3.885590110560328547e+00
4.582902882467377204e+00
4.399351963455900183e+00
4.804102085262016431e+00
