3.624615196296963937e+00
4.678835333046124312e+00
4.384043647704094937e+00
4.343850398157912629e+00
4.937779284482710196e+00
4.775284561923442084e+00
5.344205476913718833e+00
4.309950872450724724e+00
5.133836891851238704e+00
4.869369394217003766e+00
4.317324426361293099e+00
4.654928878974551765e+00
4.221216367782518297e+00
5.073719578244132222e+00
3.893139960766298202e+00
4.100998477083838800e+00
4.048067117331425102e+00
4.377238824957488283e+00
4.829781675107887473e+00
4.533749095638336613e+00
4.484552104787532301e+00
2.867148851199813553e+00
4.405953310150046320e+00
3.737196062370223615e+00
4.093751497336569400e+00
5.246930178157198199e+00
4.106085220567650573e+00
5.036440265079339618e+00
4.926000752379350089e+00
4.001013523212908929e+00
4.634080050423127872e+00
3.901522049622029087e+00
4.803219194324398700e+00
4.675841877255010104e+00
4.942531293340734599e+00
4.474150854357819895e+00
5.185662245525707092e+00
3.674400368520164939e+00
4.227517165835685375e+00
4.784103215588664249e+00
4.396633525406967280e+00
4.028716776243523867e+00
3.879250531827662662e+00
4.952635555541022860e+00
4.466314249749345322e+00
5.093240176078084325e+00
4.811395608026485249e+00
4.385875333486888294e+00
4.338715733812857245e+00
4.519604783150589000e+00
5.110772030600640115e+00
4.817488940915509943e+00
3.217303976574813262e+00
4.753835351760706374e+00
5.200882913555233245e+00
4.777358328532446130e+00
4.036581877433139454e+00
4.479337156224757699e+00
3.960549693824659379e+00
4.319427166737684232e+00
5.265507033402570869e+00
5.213830624689057558e+00
4.212782670132326324e+00
4.293264857043594951e+00
4.626949062263869372e+00
5.394529204206535589e+00
3.977045087901897702e+00
4.173559723770496888e+00
5.071683382395359985e+00
4.489837719769081303e+00
5.137827057437233336e+00
4.052732577690144389e+00
4.540989869558941017e+00
4.274881295686349780e+00
4.261305481810524043e+00
4.433222157180902734e+00
4.415727724434693080e+00
4.317220222356738191e+00
5.186007996185444391e+00
4.809048325986743144e+00
4.802705444759236997e+00
4.223181208091439487e+00
4.598018534910452537e+00
4.884712431550517486e+00
4.912986627988519928e+00
4.299935103513647938e+00
4.870862073207440801e+00
4.815368726166639135e+00
3.963212236636922903e+00
5.053713841214368507e+00
4.426190171080270908e+00
4.482964728283458378e+00
4.435108654584371202e+00
4.585446438855997897e+00
4.654276547720678003e+00
4.497718416116621931e+00
5.055668971035972348e+00
4.662929863212546877e+00
4.375173623266408462e+00
4.394817952593098376e+00
