9.974991161957874608e-01
1.014705340696743008e+00
9.871625119135801762e-01
1.016009096449980165e+00
1.011239766333597467e+00
9.988484818907403806e-01
9.955095856072824212e-01
9.927016043753023045e-01
1.002909748074083618e+00
9.816258858505819695e-01
9.784564227142924508e-01
9.982055900578712393e-01
9.850971056019539596e-01
9.933160576816110199e-01
9.923172164421277808e-01
9.933551881540418904e-01
9.887858313914531516e-01
9.774402897480487518e-01
9.880213247520996944e-01
1.003014918275108025e+00
1.019473935198547121e+00
1.023394917726663245e+00
9.977002113228067293e-01
9.901761223601451833e-01
1.003551509812692144e+00
9.997569671530384117e-01
1.023047523808061854e+00
9.848829298914026920e-01
1.007831634700957490e+00
9.944193059953597702e-01
9.929825345461986696e-01
1.004193082651160029e+00
9.931306925268380548e-01
1.004285073756142843e+00
1.000433996388400582e+00
9.980855628897644660e-01
1.001375141831938098e+00
9.943798094990274894e-01
1.005434055758916756e+00
9.978493127691984155e-01
9.964299908530649397e-01
1.009488711075532841e+00
1.014392977640200755e+00
9.831513500588664467e-01
9.926977716327624046e-01
9.961067904788141192e-01
1.008963477924716523e+00
1.021832535291479660e+00
1.018658911884615659e+00
1.013102735591004722e+00
9.946566897398562146e-01
1.024094288026336619e+00
9.932368407201738192e-01
9.875140245234722558e-01
1.016541611316692517e+00
9.927237065305040131e-01
1.004951935971684085e+00
9.843127794810870856e-01
1.006149589933023725e+00
1.011836299599848221e+00
9.939454059643577644e-01
9.969204134403025774e-01
9.967950400596004012e-01
1.006706814462526856e+00
9.928662620635672065e-01
9.905313229873053960e-01
9.987254880316736028e-01
9.948840832738415907e-01
1.009911307174629513e+00
9.928641470319597984e-01
1.000059895175150704e+00
1.015768380212519695e+00
1.003424601820394280e+00
1.011136690560096474e+00
1.015565362851919229e+00
1.006768986255493381e+00
1.005231787330432391e+00
1.018517003287648937e+00
1.025364453902338990e+00
9.987893981550677314e-01
9.853065617782843510e-01
9.945475941654232654e-01
9.897361344167597830e-01
9.979167184527748535e-01
9.887968289840122216e-01
1.002640201500973660e+00
9.970188594975361029e-01
1.012556904268288260e+00
1.018493266736962610e+00
1.001177948671407858e+00
9.940171103700491395e-01
1.002332862146064318e+00
1.012633103069649154e+00
9.976404384351282850e-01
1.001309138647231478e+00
9.939217799818809151e-01
9.988808184180557603e-01
9.975108569636111921e-01
9.932050919246842025e-01
1.000147053735504610e+00
