9.946391479848543105e-01
1.014705359487970249e+00
9.937475649818053869e-01
1.009468665720753888e+00
1.021729691224372516e+00
1.007837161074601751e+00
1.000476186614330132e+00
9.849431683502876123e-01
9.993079642606574886e-01
9.984460749678031322e-01
9.916832440983887054e-01
9.980727618756879416e-01
9.963554164746404318e-01
9.902057194827701414e-01
9.985251381931604664e-01
9.936526293055580883e-01
1.000553305065968290e+00
9.819015688335901437e-01
1.013178998963347732e+00
1.009015962402734390e+00
1.001321857968888507e+00
1.010442216890552247e+00
1.017791824640364773e+00
9.877624479711006877e-01
1.003340572170444700e+00
1.028772168291904654e+00
1.022535949498891927e+00
1.002619577502435577e+00
9.886420349684585940e-01
1.002100683363344347e+00
9.713188630355193975e-01
9.915448376010181919e-01
1.017073679644070250e+00
9.956130306081074632e-01
1.003541589194092198e+00
9.941970988043835611e-01
1.016240917625357065e+00
1.006084598304608502e+00
9.955912337266701329e-01
1.008125481707847326e+00
9.876365687899367751e-01
9.972671985954091323e-01
9.923191427219265615e-01
1.004781448593684123e+00
9.873226489409117068e-01
9.973894703736688738e-01
9.940717677119570439e-01
1.000159000108432172e+00
9.961440327760332503e-01
1.005429287725459808e+00
9.803274698297860246e-01
1.003424315382893894e+00
9.926303326584940967e-01
9.938327792400335481e-01
1.008425345787568927e+00
1.017014249898703371e+00
9.952263245403114578e-01
1.009416156403710518e+00
9.874086528110568306e-01
1.003424175352659820e+00
1.006777418273754998e+00
9.898887343234067382e-01
9.981343890823261011e-01
1.012410543507873628e+00
9.873857822435597731e-01
9.790524431588746301e-01
1.002290510455994044e+00
9.983769170275472726e-01
1.008369485259203779e+00
1.014287054052326997e+00
9.947316372390403449e-01
9.971651911737857699e-01
9.996558242964990182e-01
1.002227924053351815e+00
1.021407730951464865e+00
1.005167373801131747e+00
9.971950402712226325e-01
9.936822723560836401e-01
1.015948375702196538e+00
9.889945989619730593e-01
1.005836314517061458e+00
1.014423276999644852e+00
1.004252302603125591e+00
9.980591443008852703e-01
9.915476900467524723e-01
9.966145250844723469e-01
1.005442689925926780e+00
1.003840632731244797e+00
1.014608825843470230e+00
1.011116743952156893e+00
1.009007928018449851e+00
1.013497435762569898e+00
9.940624248048791634e-01
9.966688447437134224e-01
9.969424055348199420e-01
1.001521117174296371e+00
1.004349984659818285e+00
9.943699777094509029e-01
9.793502044300569365e-01
9.974463961814973301e-01
