9.950522882261394475e-01
9.967617394317476176e-01
1.000626325420247653e+00
1.006763633915790157e+00
9.956975156378178315e-01
1.014336139276017956e+00
1.010907954333871706e+00
9.834231266746860101e-01
9.933692894643687543e-01
9.986456888598750359e-01
9.874438551612563231e-01
9.961056174540593444e-01
1.006436461005596250e+00
1.004691379454431654e+00
1.003117491879859102e+00
1.005549290446345445e+00
9.917583775083064213e-01
9.959216692553329864e-01
1.004572170626319316e+00
1.011711699438663903e+00
1.001097042971661466e+00
9.942515969001205489e-01
9.812265274857419062e-01
1.005543689929062179e+00
9.758576311513781354e-01
9.967523394812296544e-01
1.000766203483760997e+00
1.014194183818499573e+00
9.865612586130888539e-01
9.976200457673347621e-01
9.802814708264119270e-01
9.959465232710482674e-01
1.003113456296908401e+00
9.941438742572927811e-01
9.919271082522219674e-01
9.880325629556110378e-01
1.001945828732241361e+00
1.005108444401417112e+00
1.004453238718656882e+00
1.016339090054015459e+00
9.721823563414394576e-01
1.003777629596070309e+00
1.002543624912534348e+00
1.002243039792997337e+00
1.017837803712646982e+00
9.787687461970661085e-01
1.005143101898412050e+00
1.008915341103105101e+00
1.000245854728849748e+00
9.957100895167801946e-01
1.008093398791862549e+00
9.870257748922017793e-01
9.985418986577838663e-01
1.000500340543387434e+00
1.005070964038668802e+00
9.866467947592261201e-01
9.925375429467701016e-01
9.977323068520769223e-01
1.003141453412853101e+00
1.012105225647638607e+00
1.003023993325157237e+00
9.888982341798481235e-01
1.020658808188775080e+00
1.011348730087965997e+00
1.000068199896838816e+00
1.014210437660024278e+00
1.001039129722354426e+00
1.014276665300243963e+00
1.009537597597199632e+00
1.018561850980909345e+00
1.014036121387768885e+00
9.820130938845199609e-01
9.906452586783859315e-01
9.971842492466899133e-01
1.016659940205055124e+00
9.947568266088870903e-01
9.900746227825804047e-01
1.012071077053552370e+00
9.986522380910022312e-01
1.013277860058368951e+00
9.900648887701360978e-01
1.004155149449484696e+00
9.984969945833639393e-01
9.857089319548806294e-01
1.005142550118693912e+00
9.931730171092693071e-01
9.824483474525232962e-01
9.844475863657236037e-01
9.845421737298971632e-01
1.013269232120930452e+00
1.006429875716717603e+00
1.012705879231881045e+00
1.004470549606841789e+00
1.000726053843520758e+00
9.948834534757956538e-01
1.028722582752385595e+00
9.964738636996828269e-01
9.992636132746698374e-01
9.968990715066906594e-01
1.020440749710550543e+00
