2.004906569102988811e+00
2.022744374642934329e+00
2.010420252439839572e+00
2.004509754079700556e+00
1.992297907687220482e+00
2.014970352394879427e+00
1.993716425577801044e+00
2.049440491270754450e+00
2.071794783864440603e+00
1.988141821462148684e+00
2.032496852307262625e+00
2.002899690620944639e+00
2.006855917429169800e+00
2.057750367857278384e+00
1.941275271664957280e+00
1.945654135795789275e+00
1.918029639736191339e+00
2.038582793829776918e+00
2.030639314581624166e+00
2.045057942286697461e+00
2.081040573455139153e+00
2.033544779496448296e+00
1.996131702059670721e+00
2.030959265687046766e+00
1.952653718456635268e+00
2.014329907789568885e+00
1.957385027366675079e+00
2.063808957815049805e+00
2.002191721040172290e+00
1.991377248103002540e+00
1.974825467102512944e+00
2.030114494906257949e+00
1.995594516951222142e+00
2.006895540521405508e+00
1.916823564595846241e+00
2.011971064078453608e+00
2.011391416199527882e+00
2.011897526791158519e+00
2.063481554525812278e+00
2.018911802233146702e+00
1.985609021447123368e+00
1.993660055179671486e+00
2.020703987025441073e+00
1.937884655627600594e+00
2.017240099097408201e+00
2.017667007859507144e+00
1.967796218110200890e+00
1.954740750425995266e+00
1.980779144660000046e+00
1.986057700153655903e+00
2.007075005954666480e+00
1.993819366614934641e+00
2.090770528728690181e+00
1.949200560493477452e+00
1.967587007075848327e+00
1.960436393945891531e+00
2.015749039697126932e+00
1.973433305822273942e+00
1.996618120489388470e+00
1.972314512752465498e+00
1.960051927904262525e+00
1.951018579944200138e+00
2.016098655478209434e+00
1.956459226333126189e+00
1.965844312114787051e+00
1.986590733608747161e+00
2.036766273762543378e+00
1.948070129235794257e+00
2.039441868973092653e+00
1.947835686355001261e+00
2.079422807327173217e+00
1.996853566863559415e+00
2.079641114698473459e+00
2.010636377297743138e+00
2.025643068637836386e+00
1.929592397065424514e+00
1.977019079059637585e+00
1.953039809938427851e+00
1.978578625052449969e+00
1.952745166513992103e+00
1.981066160555931877e+00
1.991336302971235650e+00
1.939165603027673157e+00
2.020114795065283353e+00
2.006709128940015852e+00
1.974927306772205515e+00
2.002332289980450319e+00
1.947325058921227647e+00
2.007661372078583195e+00
2.058822775937561467e+00
1.981131830098134206e+00
2.017310944786130822e+00
1.955282690782392363e+00
2.022878605593330992e+00
1.977795176734168603e+00
1.963869208260033083e+00
2.008743359342212376e+00
1.917938689463903668e+00
2.037999394716083046e+00
1.896100644188271289e+00
