1.004870564393889776e+00
1.005644155127980888e+00
1.009969526483156743e+00
1.008404169532231665e+00
1.000882130942631676e+00
1.001981249569573684e+00
1.000883043281332707e+00
1.000432487299359741e+00
1.012104920563506871e+00
1.014348196116620970e+00
1.005461748343803086e+00
1.021227490303243668e+00
1.014805225946527667e+00
1.014686128765641016e+00
1.004763754478033011e+00
1.019753417388328032e+00
1.011428711022817284e+00
1.004575685144032171e+00
1.015823627923988504e+00
1.000051401115584992e+00
1.007892735574164034e+00
1.007043231262533700e+00
1.001024104673299941e+00
1.014758964332893143e+00
1.003597295454073279e+00
1.004892482000780962e+00
1.006339255614735029e+00
1.013246998378906527e+00
1.008297711581844336e+00
1.007763110234175308e+00
1.004696560543349548e+00
1.003570285670842388e+00
1.006384656689240487e+00
1.003252962135135817e+00
1.004379739415806494e+00
1.005816349571712953e+00
1.014091987207750289e+00
1.017991081660961417e+00
1.013642186412101687e+00
1.007132039423469072e+00
1.010573238628768022e+00
1.004320619538662474e+00
1.006097267741243417e+00
1.018659420477507460e+00
1.004593110610691120e+00
1.002179329563342991e+00
1.006292574841689325e+00
1.009361999566936507e+00
1.001587989159860692e+00
1.001532156325197764e+00
1.003892042992901246e+00
1.016705966933505900e+00
1.009797339930938120e+00
1.002810591652939953e+00
1.008449446690762308e+00
1.009511215446065702e+00
1.007089468487206041e+00
1.011683447851253081e+00
1.000309269445361249e+00
1.002412017554181745e+00
1.020942550949772709e+00
1.006688302078365682e+00
1.000957844395666596e+00
1.003952582170023700e+00
1.000022153612500908e+00
1.008026967041091737e+00
1.029459026452604231e+00
1.008212679649627130e+00
1.008567661372937518e+00
1.004218175670628543e+00
1.003007470422088820e+00
1.006852037670614930e+00
1.016321728800794189e+00
1.000121885036826752e+00
1.007859665248416636e+00
1.005641591568383175e+00
1.008769795394948154e+00
1.013973455344768571e+00
1.005945139506173369e+00
1.002755354197356619e+00
1.004896101748024684e+00
1.001893033289804613e+00
1.001063180683692266e+00
1.004885808970338079e+00
1.008853076801520476e+00
1.003346696931515014e+00
1.017125899634545139e+00
1.010091374314306512e+00
1.010036663675604629e+00
1.010148930898053576e+00
1.000021055071755205e+00
1.013129844174099681e+00
1.017231094832362848e+00
1.000242485065422793e+00
1.008357042897824352e+00
1.009837247921607783e+00
1.002478024825943725e+00
1.013915730105579005e+00
1.008855534542220989e+00
1.002851195803000861e+00
1.021035112909039810e+00
1.002731769878436374e+00
1.009878129956403026e+00
1.006319957920104535e+00
1.010833166465644695e+00
1.001224977778265357e+00
1.019597379898875555e+00
1.002584455741066582e+00
1.002790440074625034e+00
1.007596443048078605e+00
1.004520805637453496e+00
1.005842323873664013e+00
1.000463871706448238e+00
1.002979390344489241e+00
1.012040887830072400e+00
1.016437848932995269e+00
1.002961010678058429e+00
1.012036137955315551e+00
1.000361892506832495e+00
1.000559313874640033e+00
1.005128563251065366e+00
1.001859446282039823e+00
1.002091771216907512e+00
1.008884535723155285e+00
1.014605003928893190e+00
1.012182320304736427e+00
1.004338261973574120e+00
1.015254498318357790e+00
1.014019655240913975e+00
1.007108074427861322e+00
1.006350302200683000e+00
1.000731391122015035e+00
1.001892698590518549e+00
1.001069641777354580e+00
1.007149342433865780e+00
1.009838519953105029e+00
1.008725863656032562e+00
1.015161897919748091e+00
1.009481050881695374e+00
1.013641118984105916e+00
1.001764328042801244e+00
1.002162211858767638e+00
1.017275593939370504e+00
1.004589738450633929e+00
1.002746474787767683e+00
1.016933273989973241e+00
1.021380269007875929e+00
1.009078599834289491e+00
1.005062091476952579e+00
1.010079619156147634e+00
1.000194474897826868e+00
1.001818780804028863e+00
1.004785187817606840e+00
1.013721320459583186e+00
1.003900417370217513e+00
1.000723990377431205e+00
1.004926113388469489e+00
1.003062724882848089e+00
1.000701284629240906e+00
1.005213072423854603e+00
1.004544188686554262e+00
1.011073532328632174e+00
1.000790839885464800e+00
1.004930617968205153e+00
1.004419975513299423e+00
1.009250791046286233e+00
1.015783882890074930e+00
1.001796896068804177e+00
1.013226555036220056e+00
1.008561356959448485e+00
1.000365594761057020e+00
1.011871162641540201e+00
1.007326636246826057e+00
1.012752215942687384e+00
1.005355988446217319e+00
1.009615137246127503e+00
1.002511055236771087e+00
1.002421378295156762e+00
1.004390073218864865e+00
1.007031506387953579e+00
1.010682501561269930e+00
1.009641007549275882e+00
1.013380722073065954e+00
1.005610634713633544e+00
1.016957439126069618e+00
1.001368782809934022e+00
1.002361682675181997e+00
1.009983115209123206e+00
1.003227132000242605e+00
1.002071998112628259e+00
1.015722197036582619e+00
1.000856007253224433e+00
1.025362190291854825e+00
1.014767617843985725e+00
1.014981804579005553e+00
1.008908971777746411e+00
1.002848600229362175e+00
1.012700603615944495e+00
1.000672977282561549e+00
1.008073649611483713e+00
1.005798348312436641e+00
1.011464255560508674e+00
1.000297128834978011e+00
1.005040037550644971e+00
1.006368943610588262e+00
1.001916043774236265e+00
1.005440610344533692e+00
1.016850422618796657e+00
1.006239948113309968e+00
1.003200854347048310e+00
1.007239407108328821e+00
1.000761222637958525e+00
1.003765259565718493e+00
1.012305828635065685e+00
1.009157104409609040e+00
1.000299838883599302e+00
1.007863498585121587e+00
1.002750905215795907e+00
1.022131905740191637e+00
1.012307168082861475e+00
1.001605634721354221e+00
1.005022449649057847e+00
1.006567321059570919e+00
1.002299628305298951e+00
1.010415560171772587e+00
1.014020752036244755e+00
1.000055804626647893e+00
1.001672970974639698e+00
1.003620663449250161e+00
1.023545195261932772e+00
1.005293477106407485e+00
1.002144352151018936e+00
1.001517306769555526e+00
1.016396531073999077e+00
1.013048515276774753e+00
1.008735352930445917e+00
1.007359495330705013e+00
1.012134851327832985e+00
1.004087700742416045e+00
1.009118022609843068e+00
1.011143154269877442e+00
1.007962178780813067e+00
1.002124915256626059e+00
1.023919977415915117e+00
1.013076427762404919e+00
1.006577517713458603e+00
1.008747616323387941e+00
1.011700619000126311e+00
1.006088062011236239e+00
1.011196117221039747e+00
1.012025284510063017e+00
1.006094415008328857e+00
1.002368942797077667e+00
1.008347707983951347e+00
1.007600785598442794e+00
1.006731410740894450e+00
1.000732890107408180e+00
1.012145544575854261e+00
1.007343324441211108e+00
1.005672987607899360e+00
1.013185852059030889e+00
1.002486301847814065e+00
1.003463866905741853e+00
1.009115605664043125e+00
1.005086536164840894e+00
1.003883609528317455e+00
1.003238237477894312e+00
1.006501728328707879e+00
1.012092757630487672e+00
1.012905831618575947e+00
1.012492745411926354e+00
1.015685801062751636e+00
1.000634663400266744e+00
1.023182649639893471e+00
1.005611579480810258e+00
1.002436022256625758e+00
1.021370234995776727e+00
1.013499079816993387e+00
1.017941670377073837e+00
1.007091060278207273e+00
1.011400225636304384e+00
1.007031883007052375e+00
1.007355472226900250e+00
1.019509088125441831e+00
1.011178374359910315e+00
1.007810852140800240e+00
1.005124658131299142e+00
1.002068640764432805e+00
1.001451631321530478e+00
1.003837781393335682e+00
1.010171836231333220e+00
1.002417620656816943e+00
1.001650650465777836e+00
1.000973448347171502e+00
1.014185326246619834e+00
1.003061882193137855e+00
1.002537460035276107e+00
1.005097860528906262e+00
1.008923352160064457e+00
1.008145620782960217e+00
1.017574808635888450e+00
1.009947270075709058e+00
1.007729606678389622e+00
1.010574133032939637e+00
1.009579887529495013e+00
1.011886086162492759e+00
1.007906999222619726e+00
1.012962518671443934e+00
1.016334581947430538e+00
1.010249145343928623e+00
1.004630261229079835e+00
1.003574196765474102e+00
1.009067583374058552e+00
1.008959572578550512e+00
1.000298909922371360e+00
1.011385098376715641e+00
1.002809815785948411e+00
1.000681616558068976e+00
1.001926738567901154e+00
1.009443471363730582e+00
1.007089468618836747e+00
1.014208897353284566e+00
1.001332013910340990e+00
1.013635066655135031e+00
1.009329622771501622e+00
1.002719626710497636e+00
1.011144553735057627e+00
1.011248132918611153e+00
1.001354071165392323e+00
1.003394476321298967e+00
1.009099291017603539e+00
1.004952086987141113e+00
1.011829699443105746e+00
1.007299761478607669e+00
1.014562748956630900e+00
1.001392232555490036e+00
1.011071381715644257e+00
1.006179406481499727e+00
1.007030713368349373e+00
1.003628441583811037e+00
1.003429138633884055e+00
1.002395119695036918e+00
1.004850198363331781e+00
1.003033050822253358e+00
1.002394145473499254e+00
1.020455492371458384e+00
1.005920850389254273e+00
1.009868657444076945e+00
1.004861483828260127e+00
1.007862098044032262e+00
1.006711175700161887e+00
1.008614940719742004e+00
1.010820676574065491e+00
1.009583561204405733e+00
1.011751014388858838e+00
1.001839016834241480e+00
1.001178042974364857e+00
1.004371321310920884e+00
1.006441580106256284e+00
1.002842702869945368e+00
1.012032928406615184e+00
1.010749732382318467e+00
1.017012952554087413e+00
1.010961620908451319e+00
1.001343270646986472e+00
1.009605061712389062e+00
1.005402086638062631e+00
1.003304153695849132e+00
1.008422040920789131e+00
1.003871763133862283e+00
1.007215407502059845e+00
1.007967820252071878e+00
1.007186421148210442e+00
1.000133578042435190e+00
1.004507044013078776e+00
1.012489815485757338e+00
1.004481556005335507e+00
1.006871380777319747e+00
1.004477913922231291e+00
1.002516650234351436e+00
1.002523302310370790e+00
1.011427023747025977e+00
1.008894846215350416e+00
1.018089464517030862e+00
1.005531919673178232e+00
1.009055929486531333e+00
1.006238510871105829e+00
1.006320691959834202e+00
1.014458528245131275e+00
1.006023761515191239e+00
1.017845209083034774e+00
1.008757462689289897e+00
1.001069781233281386e+00
1.000850764357033240e+00
1.023200562301455729e+00
1.005219303831218269e+00
1.008166522486983352e+00
1.005686714523708503e+00
1.001999335519903056e+00
1.001575806387940748e+00
1.002690670530602013e+00
1.008482540938326011e+00
1.007472014949228889e+00
1.004229953009901921e+00
1.000552428122708726e+00
1.004167698470995074e+00
1.005204183629697878e+00
1.011610577696500535e+00
1.011158016044450880e+00
1.002803752021929062e+00
1.002885304553848389e+00
1.008893549872072137e+00
1.009346216534302787e+00
1.007714975281392089e+00
1.001404165029461835e+00
1.003650806055592648e+00
1.000396371857957822e+00
1.011738328047466329e+00
1.012939752573723817e+00
1.017391720143888456e+00
1.001101104415967447e+00
1.016633937971484825e+00
1.017276313542160304e+00
1.028078328789143958e+00
1.012154052348110289e+00
1.003344086235674393e+00
1.003369489482257348e+00
1.010076111635930030e+00
1.009901465817248045e+00
1.009512971495058808e+00
1.004567754043376615e+00
1.007037217568531373e+00
1.003862432807799188e+00
1.008330429658674365e+00
1.012011754480918402e+00
1.010296165188635076e+00
1.005700226322519875e+00
1.007116391478058093e+00
1.012012174149128807e+00
1.002952855602998294e+00
1.002802328541431365e+00
1.006490244815058999e+00
1.006632076238248574e+00
1.000293435127163511e+00
1.008070723562035642e+00
1.005484450005501795e+00
1.007974729568553274e+00
1.017079470739963520e+00
1.004291950735696437e+00
1.001351980478171866e+00
1.002610695546761521e+00
1.003930391991248561e+00
1.014800455271690938e+00
1.007514064261561426e+00
1.026691454058320074e+00
1.003641613689952861e+00
1.000860096673550359e+00
1.003858267128168169e+00
1.025729055869408546e+00
1.011289781492736628e+00
1.017092258117951564e+00
1.008296066322232898e+00
1.003512777644153919e+00
1.019760828796065555e+00
1.002904627772177593e+00
1.005187170173883260e+00
1.003753444930363337e+00
1.009186509772978857e+00
1.005488348157968836e+00
1.020002267121606465e+00
1.021061450087880518e+00
1.001214335681477774e+00
1.017855434047704621e+00
1.012697928975662576e+00
1.010590308511486901e+00
1.004702261308609623e+00
1.009897886654116395e+00
1.013060892739257923e+00
1.013663879417936453e+00
1.012918768055917074e+00
1.004113165871914015e+00
1.002333540315849314e+00
1.007426514476106316e+00
1.003233101900763868e+00
1.012341846188139716e+00
1.000558634182210360e+00
1.005596180819038787e+00
1.012172371485652311e+00
1.001008640404319028e+00
1.010050442182042651e+00
1.002929497420364635e+00
1.001599124453270040e+00
1.003948624855907301e+00
1.000241713185415104e+00
1.008933338141018599e+00
1.004289083776773950e+00
1.026131337623652051e+00
1.001225988068177752e+00
1.016093870772769581e+00
1.006691706353491478e+00
1.001476524636252252e+00
1.014531071683751451e+00
1.001392479274908265e+00
1.009232356629221172e+00
1.003114685148668306e+00
1.005946237788890141e+00
1.007917145887822441e+00
1.017346237125618780e+00
1.003634692644728377e+00
1.005052947203545433e+00
1.002521267462577192e+00
1.004436355860411689e+00
1.001579098473569296e+00
1.007497648913796784e+00
1.007683518174057102e+00
1.008810147360766019e+00
1.002920223640774600e+00
1.005698025597064449e+00
1.000518066426169472e+00
1.000503393117241346e+00
1.003969929923307802e+00
1.006554506733196463e+00
1.010175394602211174e+00
1.011665929330444857e+00
1.005254020242090096e+00
1.011590555036462558e+00
1.010930761382065723e+00
1.008979102854700827e+00
1.001779622656052249e+00
1.003671173157738350e+00
1.007264472948875333e+00
1.013157275124842771e+00
1.005276028014380207e+00
1.021020986490579485e+00
1.009613108857887909e+00
1.004018566207168339e+00
1.007720552966361316e+00
1.004874507435148168e+00
1.016928657775474365e+00
1.000604674574957720e+00
1.002901486869149705e+00
1.001209960308895086e+00
1.012914279703215126e+00
1.002411530820366936e+00
1.011283831153047208e+00
1.007723288171216591e+00
1.013657245727539014e+00
1.026633205810898009e+00
1.001939952243187992e+00
1.001891327617954852e+00
1.009049306677441971e+00
1.000453935257175964e+00
1.013261533385346524e+00
1.004896556959775644e+00
1.005213222273150242e+00
1.007900499560348218e+00
1.004415315901278749e+00
1.003845439416559016e+00
1.002590662090145024e+00
1.010733386472937978e+00
1.011914867980543642e+00
1.008532167990279893e+00
1.002994411850525847e+00
1.010212906303968206e+00
1.001986107028907780e+00
1.015378359881199177e+00
1.005904650195608596e+00
1.006350076058627474e+00
1.002580051041303433e+00
1.008666193033495029e+00
1.023737064241409866e+00
1.008195197015510303e+00
1.009357225749107023e+00
1.003687827062018867e+00
1.004192569922964129e+00
1.002479481429420449e+00
1.006954271551364855e+00
1.001860252956144448e+00
1.008720364425394367e+00
1.006189549783194082e+00
1.008827458161412505e+00
1.000885115783591850e+00
1.015618229585832255e+00
1.004923941778678387e+00
1.002616032815627278e+00
1.006735958388555341e+00
1.017947757865477643e+00
1.010202956109818029e+00
1.004387655226857357e+00
1.003894047372195564e+00
1.009531801898041259e+00
1.001112285683057213e+00
1.004738928046487345e+00
1.006393203558613836e+00
1.011711567783884158e+00
1.004188010782476548e+00
1.012536016812672024e+00
1.012280569077731007e+00
1.000243300594122031e+00
1.002402957975304876e+00
1.009377561266190826e+00
1.006661782832539709e+00
1.000345503524078250e+00
1.004658510827777684e+00
1.008854465018421687e+00
1.025429844792942413e+00
1.002615297326896915e+00
1.001920624299819984e+00
1.004724364972748196e+00
1.007544572224557733e+00
1.009595242789818270e+00
1.004674759858207533e+00
1.002895309387231704e+00
1.000065302210353835e+00
1.002313430939318017e+00
1.001254003806381965e+00
1.003073936225856500e+00
1.004147889455914600e+00
1.000985769448147433e+00
1.005312439473829755e+00
1.002110779108679184e+00
1.008060708086100155e+00
1.004914011133052343e+00
1.009114185859610213e+00
1.012108808545362670e+00
1.001060714209302205e+00
1.004979008364107473e+00
1.022434996341920366e+00
1.000028868384355896e+00
1.006092964505539644e+00
1.006244129777827734e+00
1.013453807062850265e+00
1.003711085988848062e+00
1.012105589764664249e+00
1.000027501286337772e+00
1.006579427686828510e+00
1.004103603713149440e+00
1.012987599431184993e+00
1.005270763106858922e+00
1.000874545159436302e+00
1.010504189532563935e+00
1.000165285672490745e+00
1.004309753184611242e+00
1.006697527925805025e+00
1.011257764797405256e+00
1.004018678348187699e+00
1.001304839047421069e+00
1.013501387284786226e+00
1.000122779529541317e+00
1.015171605906957986e+00
1.001335100932294164e+00
1.001577695262581669e+00
1.002092924828044573e+00
1.001864938689417395e+00
1.012608394711370208e+00
1.013070135199246380e+00
1.002134326162745559e+00
1.001411060630435834e+00
1.007907927336550991e+00
1.010317652355082751e+00
1.007680298753071302e+00
1.000346173198780608e+00
1.011850946413713981e+00
1.010630970282354602e+00
1.010698721080081963e+00
1.002619678815266813e+00
1.000879617953557510e+00
1.027816675008116354e+00
1.006379707472728979e+00
1.010899890562386716e+00
1.001208082330423688e+00
1.006801161010900225e+00
1.006788004641473444e+00
1.001541725590751053e+00
1.004546770080356755e+00
1.015939669808360923e+00
1.010117690042882099e+00
1.011023614543569593e+00
1.015378618007531264e+00
1.003981059225140138e+00
1.012475715927719566e+00
1.001209610170137321e+00
1.007994827726682807e+00
1.007268889048216876e+00
1.005680928376647243e+00
1.002644988398717851e+00
1.005627168330050614e+00
1.014118428007101391e+00
1.011001440216481528e+00
1.005819708645090627e+00
1.021080853067446892e+00
1.012350061580179927e+00
1.000553509440910815e+00
1.011472209578113457e+00
1.010727080535551936e+00
1.000615612573445778e+00
1.017747192813206247e+00
1.006215739624671368e+00
1.003034878603721314e+00
1.005932941289331195e+00
1.013771348155949825e+00
1.003184145603158051e+00
1.017040322041337319e+00
1.000810087730751308e+00
1.001119233759528715e+00
1.008375312938236235e+00
1.006877989574096244e+00
1.009734939870758463e+00
1.000543311064372665e+00
1.003312439401192968e+00
1.010391098168560875e+00
1.004447115164175175e+00
1.003904986782789610e+00
1.013332911777869771e+00
1.012644009667277745e+00
1.011334617744497288e+00
1.008888772660746946e+00
1.019758518817015513e+00
1.000263228196026644e+00
1.001919657861868984e+00
1.006107677810051060e+00
1.003583679651829597e+00
1.003753063192612593e+00
1.022843608228062973e+00
1.000553007038124997e+00
1.000323761946699808e+00
1.018291319414715623e+00
1.002014558228676355e+00
1.000537444755756233e+00
1.006087461688782492e+00
1.015527186936906467e+00
1.003924015040589701e+00
1.018101957382227196e+00
1.014868292431045260e+00
1.003580055124220660e+00
1.005743419827896501e+00
1.017579510563162426e+00
1.001547149161379213e+00
1.000774396958005630e+00
1.002381175762471432e+00
1.002858567271193380e+00
1.002261364436450641e+00
1.000396482633034489e+00
1.010707572219045947e+00
1.002038313530595248e+00
1.006040047293156103e+00
1.001510495035758952e+00
1.004740437441255851e+00
1.005192226923845578e+00
1.016981529387804617e+00
1.010437794187640348e+00
1.016630410160283882e+00
1.006553784405449958e+00
1.002132710683706129e+00
1.005367031461591010e+00
1.008275518917521651e+00
1.007384910780859233e+00
1.016159073325822337e+00
1.008252643919320013e+00
1.003264789281305136e+00
1.019600883958290849e+00
1.002191369131877785e+00
1.006358901524766924e+00
1.015772154333337562e+00
1.010537556494547129e+00
1.007288997363239735e+00
1.010068040617011942e+00
1.005778158494571972e+00
1.005182764341520318e+00
1.008892718539161404e+00
1.011146940774921177e+00
1.018447719047225863e+00
1.013861111865315356e+00
1.020345004081622209e+00
1.001453598720909222e+00
1.024783837605278913e+00
1.002530378206660577e+00
1.001012972477547391e+00
1.009444049526796894e+00
1.009774811800209893e+00
1.021861195077014228e+00
1.011976381408297598e+00
1.005123561616787065e+00
1.008389190287090287e+00
1.008556506313141865e+00
1.011834073669538370e+00
1.008056047108389253e+00
1.005035144390916901e+00
1.009936738114207699e+00
1.003047629264917973e+00
1.004518285857581628e+00
1.000896538801349100e+00
1.013225848145792973e+00
1.000888607327138802e+00
1.003826087571397796e+00
1.017691664117058137e+00
1.007686508541206116e+00
1.002757913710072391e+00
1.025830389213262972e+00
1.015478919719009498e+00
1.000853240147224765e+00
1.002919345579811106e+00
1.009163690183930706e+00
1.002511041713007645e+00
1.007318299971294406e+00
1.002088222138002527e+00
1.009759067863489568e+00
1.007221567475449442e+00
1.021298375700094851e+00
1.001680448557608960e+00
1.007213217306819120e+00
1.004000527002994136e+00
1.008614951852798258e+00
1.002568517643393831e+00
1.017677308464796759e+00
1.005780053867108448e+00
1.005689437499354799e+00
1.012377793856218622e+00
1.016699369208078130e+00
1.006629542328371318e+00
1.011983183762258376e+00
1.001808979884947881e+00
1.003209182519837039e+00
1.010175736419037795e+00
1.017758665264279605e+00
1.001470308181084956e+00
1.001687724561236781e+00
1.022056905006477612e+00
1.001142874126540239e+00
1.000536426032260229e+00
1.007229977072250593e+00
1.002842816547111937e+00
1.003810354238056535e+00
1.008709627478717286e+00
1.004541764147906857e+00
1.026952374471748808e+00
1.002892434043944236e+00
1.014868264189817459e+00
1.015254770494476544e+00
1.005775099855838572e+00
1.027847867160906148e+00
1.003611822594064451e+00
1.001140702361607460e+00
1.007817928286775633e+00
1.000093393343738146e+00
1.006324139962975872e+00
1.013869552520253015e+00
1.005513029046114282e+00
1.002578037518850884e+00
1.003251934478629925e+00
1.017025150028153746e+00
1.009550050658992948e+00
1.002030145716175102e+00
1.006157537338698837e+00
1.008649513628327998e+00
1.006804440055659500e+00
1.012344622403707817e+00
1.000078652093229881e+00
1.003588671619108030e+00
1.007944035027750873e+00
1.007346459173508180e+00
1.001304621496473146e+00
1.002207887320138990e+00
1.011526011964267946e+00
1.007279269141803324e+00
1.009120157806828066e+00
1.013241511719265686e+00
1.008103317516647612e+00
1.004030680243573892e+00
1.007092612418298394e+00
1.001637088687018728e+00
1.003469121472447600e+00
1.009411298583167360e+00
1.000514085270236553e+00
1.000010636086278382e+00
1.015747139294850498e+00
1.020719009874329952e+00
1.016604084719435752e+00
1.002726527762643594e+00
1.011567375125378421e+00
1.006056241380651750e+00
1.000887914330155226e+00
1.012614128101348099e+00
1.012988158019686002e+00
1.010803829505853901e+00
1.027402239229309400e+00
1.025568861094361184e+00
1.002261766945247823e+00
1.012625943826064967e+00
1.009503050120608814e+00
1.010904990340330878e+00
1.025188246678212511e+00
1.013863519824001802e+00
1.005107305811417273e+00
1.018448088777293314e+00
1.015252478404181202e+00
1.010457572797962111e+00
1.018413501281784983e+00
1.006143542506602540e+00
1.010610450806322502e+00
1.000051088563348900e+00
1.007841468103888749e+00
1.010842256831995023e+00
1.004986553973018948e+00
1.014968782976705119e+00
1.006491494575425305e+00
1.003608501440042433e+00
1.007520211104994567e+00
1.016599279881194473e+00
1.009957047794871166e+00
1.019391286877681102e+00
1.005923903827798949e+00
1.009476684480993924e+00
1.008903035526783842e+00
1.003034822027727202e+00
1.011324752097496393e+00
1.000850874341639107e+00
1.007953180106917923e+00
1.002243748408756296e+00
1.002376340615916073e+00
1.022765384605094585e+00
1.005007920826335166e+00
1.007034242339638341e+00
1.009607420447050652e+00
1.006696916683285092e+00
1.010891601258210093e+00
1.000325417128044903e+00
1.009839798720214343e+00
1.004172681273683532e+00
1.015422617216486190e+00
1.001802207717610527e+00
1.000383115686625857e+00
1.000762584758952078e+00
1.007075501978054399e+00
1.002723766090809709e+00
1.011531331623665153e+00
1.000694594503084955e+00
1.002978664543327181e+00
1.013658060031110697e+00
1.000570792533616471e+00
1.012412495452354788e+00
1.001401560657816381e+00
1.014067003297655756e+00
1.012316641255440297e+00
1.002769287913772622e+00
1.005256767966858922e+00
1.006079329293458668e+00
1.005139505025826496e+00
1.002669104375367493e+00
1.002865554762437661e+00
1.010127724305984742e+00
1.001905833344003405e+00
1.003600968413037808e+00
1.000788595565103689e+00
1.002760879544782657e+00
1.000472756623081105e+00
1.010288575079365980e+00
1.005292056600790351e+00
1.004911061949775419e+00
1.006500299308649149e+00
1.003326336656621187e+00
1.004668052282765345e+00
1.008227857968179375e+00
1.002844281326341180e+00
1.006139032354394169e+00
1.007949724594133123e+00
1.001734740440242799e+00
1.003936237838340739e+00
1.007566182847476455e+00
1.005246543392179781e+00
1.010670739696843068e+00
1.002932870726743309e+00
1.006271710052292434e+00
1.013371594760708261e+00
1.001794095524043859e+00
1.016095862625177038e+00
1.005918342471526561e+00
1.006411039059357249e+00
1.009043526884590980e+00
1.007394574488500449e+00
1.013439255149094720e+00
1.002354444442202785e+00
1.001630918939513837e+00
1.003355281869747762e+00
1.028148145566941229e+00
1.001238898399336996e+00
1.007208849513979931e+00
1.012036956479715810e+00
1.013733238657130054e+00
1.020031596190941414e+00
1.026729008537470511e+00
1.007566913115779839e+00
1.003056603907080513e+00
1.007038805406662352e+00
1.011124261783099998e+00
1.006362412312321375e+00
1.003472214138305008e+00
1.013403657699127658e+00
1.013622355729298485e+00
1.007540174466559080e+00
