6.804714364526998516e+00
6.745743320549443034e+00
7.020727022801946049e+00
6.631418708237603710e+00
6.546615239857636048e+00
6.738070889076795744e+00
6.720395261333794501e+00
6.575816821512768584e+00
7.227918464954586675e+00
6.985194919156682225e+00
6.516165030504992295e+00
6.869554804145637128e+00
6.596986634217452128e+00
6.846125382722363817e+00
7.101795835074259600e+00
6.771633207948927868e+00
6.918017590723036569e+00
6.874745707655916860e+00
6.901137292709152327e+00
6.820222861329247266e+00
6.605448250103490793e+00
6.653800650261488592e+00
7.308332406114265822e+00
7.061081063185075557e+00
7.691908059202615888e+00
6.533947057336037645e+00
6.703894973024379311e+00
7.523224021090976876e+00
6.790959539179738158e+00
6.924696583849794251e+00
6.894374638555038182e+00
6.588625907925142577e+00
7.052804605280125649e+00
6.536574593107881803e+00
6.867748301138297151e+00
6.879909975342848760e+00
6.627870036795811437e+00
7.075690198996490210e+00
7.313297401664241804e+00
7.654604373335509138e+00
6.516808187767182403e+00
6.699240885225106190e+00
7.389693956933643726e+00
6.531670735496067692e+00
6.673910374248386290e+00
6.864001748460895946e+00
7.063428601262970119e+00
6.644916775217715177e+00
6.692892562823340441e+00
6.623142532229517876e+00
6.793697876366680433e+00
6.840671919261792411e+00
7.320558743822537906e+00
7.101152191293125249e+00
7.034960411462791718e+00
6.896884225967142790e+00
6.712100112029726340e+00
6.543970820732677218e+00
6.665137358500254905e+00
6.623238671642989850e+00
6.644812773099266323e+00
6.644079442955701964e+00
6.784428404405772106e+00
6.748431886082530973e+00
6.717919712394163412e+00
7.279994610361164575e+00
6.628445715695947982e+00
6.603284592615406901e+00
6.547700006745931667e+00
7.389804890075842181e+00
6.623018432394898625e+00
6.896539312989145465e+00
6.743483172864614517e+00
6.882140127557069498e+00
6.960133105892245098e+00
7.202665338499879333e+00
6.842981082723365915e+00
6.711182042461285135e+00
6.614467088623462665e+00
6.926929626826912489e+00
6.583102508319662149e+00
7.230176928043208662e+00
6.517418001363284752e+00
7.211562093958277408e+00
6.639168693982739455e+00
6.827752897973926594e+00
7.052131235833299705e+00
7.118842125347599747e+00
6.763480831942728422e+00
6.836816049030995046e+00
6.518536160263384893e+00
6.722739286681004067e+00
6.666972440251132781e+00
6.755086029110225709e+00
6.693263351837763331e+00
6.600780334064298316e+00
7.446831778009459057e+00
6.783494860209924759e+00
6.955593086689707327e+00
7.395669648049493894e+00
6.896715989557142379e+00
6.579923985214018778e+00
7.124837021426028372e+00
7.106230545432611123e+00
6.765520578140165497e+00
6.868924366742923837e+00
6.780267923860879620e+00
6.642427295663648756e+00
7.091160584342290463e+00
7.068468080796641573e+00
6.964446917675116921e+00
6.803116901255120474e+00
6.810048469505049162e+00
6.691610336169807383e+00
6.669721911951929094e+00
7.217953856981729643e+00
7.236732346102914271e+00
6.509616569084847981e+00
7.039717726964311417e+00
6.713020557880876815e+00
7.373455849125097217e+00
6.654133058050457628e+00
6.716787659269646937e+00
7.071951453298432888e+00
6.546501838582621247e+00
7.026914784506534062e+00
6.991790901089064647e+00
6.695377490702342449e+00
7.032108197924756610e+00
7.329600501025271164e+00
7.146431018861842510e+00
6.851418242262431235e+00
6.583382792935344341e+00
7.304398432742700287e+00
6.829199388880272004e+00
6.767881417495682506e+00
6.875837256275333154e+00
6.635460122211118694e+00
6.717330271687552923e+00
7.057915528760765334e+00
6.889036806170867777e+00
7.090350977259801013e+00
7.089955772076237395e+00
7.079543650657090126e+00
6.590854322402570631e+00
6.967490056003923904e+00
6.821811389827447059e+00
6.538949089678066429e+00
7.194313475700049310e+00
6.639473938700549915e+00
6.508109471741532204e+00
6.960966894073207456e+00
6.608701246989126865e+00
6.538707551005471963e+00
7.418435087152939644e+00
6.593588790973202052e+00
6.853190954366030319e+00
6.738964522066264173e+00
6.528051720857112272e+00
6.702385238911753085e+00
6.727207878499916305e+00
6.832100000353633185e+00
7.025492558369569984e+00
8.621535219468338340e+00
6.852003246586281904e+00
7.450710530835412904e+00
6.859168901527384676e+00
6.915195561948411118e+00
6.587593326923213866e+00
6.895302778892657081e+00
6.666298848270912458e+00
6.675257940951521363e+00
6.786885818855807884e+00
6.970932528560220831e+00
6.936493392843921413e+00
6.696902948151457480e+00
6.518021308186286333e+00
6.655399506623753680e+00
6.801003894881508138e+00
7.346423554603669359e+00
6.930137789799598380e+00
7.272198729296508013e+00
6.915500949266721875e+00
6.793776352605673807e+00
6.712101213327622773e+00
7.585661346531447080e+00
6.820324088957437247e+00
6.733322901046158826e+00
7.341766898864099389e+00
7.158057211295164812e+00
6.910838696919430646e+00
6.891237250135581860e+00
6.835163482275103064e+00
6.560505484049208746e+00
7.004992177835441147e+00
6.744765040896592900e+00
6.510667939142210869e+00
7.047012159202544090e+00
6.581389154404218900e+00
7.137819219925001235e+00
6.665639055414033010e+00
6.908794090377367247e+00
6.894394037033138467e+00
6.611760641061261268e+00
6.790706119969656562e+00
7.168898941173742045e+00
7.598501167747079954e+00
6.511384263627040703e+00
6.592425556024612554e+00
6.936594170429687622e+00
6.501574858434307380e+00
7.084988800943277099e+00
6.905829704997072049e+00
6.989950023308954208e+00
6.942868647960080963e+00
6.919930603949959291e+00
6.564354693469862667e+00
6.649607993561652997e+00
6.809373867737386732e+00
6.716090750029130696e+00
7.117353629930394554e+00
6.992395239232767068e+00
6.700425638648933813e+00
7.484684372938737340e+00
6.961739091993830897e+00
7.213855892206010090e+00
7.333750785917544590e+00
6.625142637105010834e+00
6.760570316858136586e+00
6.538243885443748127e+00
6.593169543248199815e+00
6.909721456745725909e+00
6.850849581026695390e+00
6.789583453528609702e+00
7.036760289614809594e+00
6.669842707755488931e+00
6.772645856605392645e+00
7.433922319627709996e+00
6.892111165908456627e+00
6.998704009119938618e+00
7.069740208780977753e+00
6.796421926607716379e+00
6.784622013570182020e+00
6.814158984412356901e+00
7.241677154052041487e+00
6.736380021234609217e+00
7.288668645086795017e+00
6.525652071010864752e+00
6.661189995832236477e+00
7.316162160993252783e+00
7.415069982176973440e+00
6.631646287984414911e+00
6.637809811470061661e+00
7.080362087386723680e+00
6.734874356322845479e+00
6.630336868146671669e+00
6.644380285171562761e+00
6.695487482038081417e+00
7.190934294414694783e+00
6.803672228152499279e+00
6.579980759047432848e+00
6.741945010914890624e+00
6.708394870412918820e+00
6.547762209169269099e+00
7.175479659937396448e+00
7.053089036269022394e+00
6.788131149606173587e+00
7.019873838479145256e+00
6.719066005051244517e+00
7.425519350328439572e+00
6.837860119480148491e+00
6.569913249734843141e+00
6.817968054810648049e+00
6.733940839394331412e+00
6.521378143500661473e+00
6.726679536245604218e+00
7.631309529614274112e+00
6.665694525197229936e+00
7.044677656808223887e+00
6.597201619183540089e+00
6.606915073002650907e+00
6.690293971120607530e+00
6.509158930095760631e+00
6.824487422339011289e+00
7.583896128287198835e+00
6.680252787313359697e+00
6.986883302495835224e+00
7.209809062868069773e+00
7.438405573698383400e+00
6.515873591151414956e+00
7.211249269421688979e+00
6.551098433990698133e+00
6.701727638800390352e+00
7.066340916295721364e+00
6.739625263186639792e+00
6.535445582554732624e+00
7.067047156815501552e+00
6.883371842919451034e+00
6.810393514468580989e+00
6.771998809805753972e+00
6.946511991774527495e+00
7.366909005910097896e+00
6.777028140485128915e+00
6.753335330738303277e+00
6.734735387001687279e+00
6.626149937206742280e+00
7.190568563135705915e+00
6.646293126720226319e+00
6.881395193915549768e+00
7.115051411348288113e+00
6.516167110532678386e+00
6.840014661585671618e+00
6.763796648993974259e+00
6.545673451771860663e+00
7.168418817594259806e+00
6.764349872803260943e+00
6.742767217803556257e+00
6.990509717615662311e+00
6.794006455222346474e+00
6.742331170167675580e+00
6.888161423108767778e+00
6.734713684873272932e+00
7.079614056433690905e+00
7.085355693849087366e+00
7.081339920441034330e+00
7.127258389343630540e+00
6.872288526989906998e+00
7.170481728377771091e+00
6.671554524086507065e+00
7.359523431421543194e+00
6.763665563902470979e+00
6.861415082690879075e+00
6.604944157308758612e+00
6.521967634058017715e+00
6.557626143706566602e+00
6.501365006548713410e+00
7.100986243084705052e+00
7.087034015056771885e+00
6.774326668162550469e+00
6.928571245973218495e+00
6.594587464036666624e+00
7.210270026687153333e+00
6.939931166241274596e+00
6.728525934151130095e+00
7.231055339745728894e+00
7.029750669681001263e+00
6.775434875701671800e+00
6.736033816377679173e+00
6.627654228397297231e+00
6.610423716763758506e+00
6.799992731582705119e+00
6.740846347198436561e+00
6.538507195272129202e+00
6.699528661281572539e+00
6.584205098102503761e+00
7.143756247508197710e+00
6.820299027939329406e+00
6.616442580768206128e+00
6.601862418554740763e+00
7.168278261618283409e+00
6.883390904344763861e+00
6.839543051661809869e+00
6.797382187720940827e+00
7.068548534372966152e+00
6.877972675531839997e+00
6.575057515657038110e+00
6.543581170839606109e+00
6.671148982256208448e+00
7.607675316699888945e+00
6.551270672885349811e+00
6.867770871213169315e+00
7.377846603840968243e+00
6.548237378845875867e+00
6.620379725102864654e+00
6.939859295027077657e+00
6.508667961472625052e+00
7.394086181816911463e+00
6.567482803162535632e+00
6.537902836737391254e+00
6.621651779281446437e+00
6.930121472394559667e+00
7.444334285763225090e+00
6.820960033461584082e+00
6.865540163077217706e+00
6.793711486249319975e+00
6.866422745864116273e+00
6.672132333677341265e+00
7.012807404484040497e+00
7.028982483217129484e+00
6.853827951683848063e+00
7.236981389363075223e+00
6.977870391250554860e+00
6.832145178961542165e+00
7.206107374508283314e+00
6.906969887503093375e+00
6.547699716206214049e+00
7.144508907478541282e+00
7.212063587465954662e+00
6.530145478668469394e+00
7.100715408427877406e+00
7.671385485936852433e+00
7.127791921531501984e+00
6.760676745917375108e+00
7.037616263526331295e+00
6.687388863911874815e+00
6.974861110679416498e+00
6.851160458695083832e+00
6.979287796909407149e+00
6.772201479508175304e+00
6.597219314220334141e+00
6.777454463099974014e+00
6.819678372327786953e+00
6.995036695305405949e+00
6.682248907964424944e+00
6.963093099375705641e+00
6.648699108241790334e+00
7.093672807600777119e+00
7.042537543272012535e+00
6.574057702089397104e+00
6.914287361468948845e+00
6.555289643655979326e+00
7.579335620582629218e+00
6.719431800934676069e+00
6.512698157508332031e+00
6.840094377753638710e+00
6.576665451731166456e+00
6.968209802421202248e+00
7.052691214613970416e+00
7.236531541468548490e+00
7.296062773179879279e+00
6.699054077265355289e+00
6.732284415444225623e+00
7.616665651874666487e+00
6.786918448740179244e+00
6.765589940264524316e+00
7.391337055245860377e+00
6.618473652815366037e+00
6.817119985561283180e+00
6.825866038354369003e+00
7.066193531623380153e+00
6.788021218765594611e+00
7.243948824227373073e+00
6.987305738241029296e+00
7.409103608318287293e+00
6.667265560184278961e+00
7.158859858229729589e+00
6.573439966643132237e+00
7.143534984533918220e+00
7.217528666785203662e+00
6.766955206804492917e+00
7.018231530832996334e+00
7.576634489216710122e+00
6.616947756005179926e+00
6.937238039471565365e+00
6.529740204473143628e+00
6.718993073919198977e+00
6.588942547977116426e+00
6.866779949806550043e+00
6.923689286724976633e+00
7.777902747170292841e+00
7.564843185208829368e+00
7.283021268272646509e+00
6.892444446003601399e+00
7.290370764543268045e+00
6.730302389109126260e+00
6.627276251359665693e+00
6.858029747621252170e+00
6.862224031568876725e+00
7.347887863562343469e+00
6.503594691023637075e+00
7.229711812989965125e+00
6.928210906810758907e+00
7.439093809804238511e+00
7.069403012948132670e+00
6.738234316459267959e+00
6.952749732450780762e+00
6.740666155854112773e+00
7.379921243883775794e+00
6.512336844526679158e+00
6.881712594662105609e+00
6.843035284565436527e+00
6.620303040369061698e+00
6.782662050918829344e+00
6.690564200126748240e+00
6.987469863669541148e+00
7.078991135171282423e+00
7.101980940834480727e+00
6.758147723947181440e+00
6.621109391336755579e+00
6.688650526103297800e+00
6.865101679178124527e+00
6.934636899888526607e+00
7.133539529848424543e+00
7.039863677826710742e+00
6.610154768348671439e+00
7.067937346302868740e+00
6.572387009794534052e+00
7.368901513323299568e+00
7.007369833110493218e+00
6.570362855036467664e+00
7.196826940479052581e+00
6.995607010687963978e+00
7.031146299480677264e+00
6.827419728093287787e+00
6.925027251263186301e+00
6.782637759279102063e+00
6.892468555111894268e+00
7.126495698729726769e+00
6.626521109398202825e+00
7.268886842325289699e+00
6.696722416582935544e+00
6.593007185644914614e+00
6.952513636624455984e+00
6.856706484122178757e+00
6.686958202633924486e+00
6.946526044783855269e+00
7.033858568363074326e+00
6.674285107246975102e+00
6.573356118411946447e+00
6.845397098509744538e+00
6.681221719767985512e+00
6.709801936203529493e+00
6.832515177614509660e+00
7.052915661913084833e+00
6.509375326669585959e+00
6.820299977904101141e+00
6.577697542743345061e+00
7.225513797061116072e+00
6.665778859034637627e+00
6.765083199510187661e+00
6.529735758626131314e+00
6.594012397518093316e+00
6.501121585697436700e+00
6.733874083992897219e+00
7.156308270394903914e+00
6.899559378208521387e+00
7.202377987473964183e+00
6.610853680635492502e+00
6.994504797702179033e+00
7.070172693189261892e+00
6.722721866265607638e+00
6.571872193827687170e+00
7.065806415420409436e+00
6.854334848407029668e+00
6.813797964467259050e+00
7.197708777927571688e+00
6.831684798499160216e+00
6.689273328431349697e+00
7.073274249475915099e+00
6.672461131967555303e+00
6.676749410929916806e+00
6.632334013224899572e+00
6.564970771619090151e+00
7.143026731376498795e+00
7.018951662076639231e+00
6.750204715107856579e+00
7.045792523924772510e+00
7.533393530683815342e+00
6.811144840688919899e+00
6.828085082111178927e+00
6.860475839259491337e+00
6.670276697528848331e+00
6.658004326593125910e+00
6.828162311617183455e+00
6.837819763658421479e+00
6.685445964721123957e+00
6.905220234681944902e+00
7.101199927763136799e+00
7.007169140205586899e+00
6.592715160195689705e+00
6.959966062405020359e+00
6.502142101824635034e+00
6.756963354457231397e+00
6.807184019570679645e+00
7.134496987308997618e+00
7.277583908245675026e+00
7.038139747399830171e+00
7.106999966068104690e+00
7.411226735478061656e+00
6.825185308737785839e+00
6.679042446019334278e+00
6.740962578377658332e+00
6.783012961876464075e+00
6.703609769802208795e+00
6.695169518204631132e+00
7.690026413815541417e+00
7.833062648514423465e+00
6.960479427935309715e+00
7.154984734563107907e+00
7.041447370261781913e+00
6.999403418580438796e+00
6.592332494410728216e+00
6.586101338902718538e+00
7.289883714297315187e+00
6.508941072620570978e+00
6.996986388563156467e+00
7.147653041704048249e+00
7.037821485307166114e+00
6.590994895691706823e+00
6.958162934047416925e+00
6.577695405543298790e+00
6.808107430406026950e+00
6.972002124588802197e+00
6.742180315832465354e+00
6.850939870897612138e+00
7.467275371021028008e+00
6.699691952072272194e+00
6.610565716495245603e+00
7.341345605131199825e+00
6.824184515581682042e+00
6.834384063997593906e+00
7.495697826572899736e+00
6.671105349740206414e+00
7.135790088654880847e+00
6.886228282284594826e+00
7.007629653675080839e+00
6.814494405072962557e+00
6.750663387621981926e+00
6.590772503406920890e+00
7.748855590086916934e+00
7.048319876401825113e+00
6.802687011105247095e+00
6.831693863185052784e+00
6.500159072332500898e+00
6.518558013369474047e+00
7.151721804491312895e+00
6.528948731135568728e+00
7.102391104126517085e+00
7.032765239488362852e+00
6.996534769567517742e+00
6.873143360588055195e+00
6.725026786599624273e+00
7.602872348226139110e+00
7.349650620198399764e+00
6.817303264861975798e+00
6.610829060288738290e+00
6.649183935156992575e+00
6.508783785644570941e+00
7.261567872051593930e+00
6.736238661319814192e+00
6.826171364063157831e+00
6.858360111719428609e+00
7.131114063820712445e+00
6.934478829575565939e+00
6.543470106438940448e+00
6.745869384632080745e+00
6.803589997566589886e+00
7.038182561244533453e+00
7.118674673627563898e+00
6.503235293876187484e+00
6.919619237719325078e+00
6.518644265968510432e+00
7.194973759395548285e+00
6.652766237660983073e+00
6.715224694522766491e+00
6.648112287293286293e+00
7.252688705650875534e+00
6.693122314568111797e+00
7.065709618921279578e+00
6.932506799994598623e+00
7.243001144126422375e+00
6.625225328259092272e+00
6.850920424330054104e+00
7.192046804333021015e+00
6.930351203455997755e+00
6.507679860793516902e+00
6.661671225900040127e+00
7.001716127709591397e+00
6.931251399015044612e+00
7.314017711818580736e+00
7.391820727795830770e+00
7.141225572390088594e+00
6.616113954147526677e+00
6.742269134919364859e+00
7.552367458281466384e+00
6.824627089521430712e+00
6.715821241162437616e+00
7.537413569438465188e+00
7.017701465622453227e+00
7.014417234277973812e+00
6.771132888874785927e+00
6.558735134442042813e+00
7.698782109125520634e+00
6.553241514116921351e+00
6.983012989200834575e+00
6.532049925138502466e+00
6.508976058350068428e+00
6.506228120408850124e+00
7.449496085991794025e+00
6.808042828465328711e+00
6.922625890015645211e+00
6.589027830582763201e+00
6.827655818213235861e+00
6.852189631847189766e+00
6.596246176691009211e+00
6.804915843948930565e+00
7.291367444415028487e+00
6.899058916257503782e+00
6.617604415281197916e+00
7.503833900886525576e+00
7.305562096535449079e+00
7.396436557044649973e+00
7.114485258428910441e+00
6.887245626683290212e+00
7.107675689002225461e+00
6.938408202150939452e+00
6.503568501114367351e+00
6.573128902366927484e+00
6.568864654679089199e+00
6.880935651802262853e+00
7.013665136798031163e+00
7.438028522570133916e+00
7.325417243307530413e+00
6.918879943697059609e+00
6.895635046478068020e+00
6.542862321163583239e+00
7.101742825447713514e+00
6.669877518567284724e+00
7.369361093285569986e+00
6.640445217780406750e+00
7.014289456314989124e+00
6.570603469937935870e+00
6.832447593566629784e+00
6.593909141390016160e+00
7.207080613386965595e+00
6.933453564704540995e+00
7.638722503137401532e+00
6.588839249137930842e+00
7.230712399369938481e+00
7.056521630334353645e+00
6.753049504701632344e+00
6.511219493022054827e+00
7.058456496042373907e+00
6.561661034421109484e+00
7.153729860508818206e+00
7.138636381395194519e+00
6.636877572378986123e+00
7.559494717799815078e+00
7.130792604589183625e+00
6.924923610515342887e+00
7.057268756634702100e+00
6.812716982917033981e+00
6.558315188334510992e+00
6.954765647641160342e+00
6.773942063519553081e+00
7.652718653200613730e+00
6.539737400009433266e+00
6.601274202622587239e+00
7.323275651649466589e+00
6.827081007172047578e+00
6.622236475108771003e+00
6.701238415805367943e+00
6.547887008642739204e+00
6.951911862643726181e+00
7.375576801394015725e+00
6.894765280307380451e+00
6.959574024488288657e+00
6.687812547752165493e+00
7.027329837720772687e+00
7.361660542731483403e+00
6.529075654174359755e+00
6.637888623766852625e+00
7.428289319868907725e+00
7.147925525428760807e+00
6.544084251438740729e+00
6.648106142365547200e+00
6.737486635976832616e+00
6.705747798611897181e+00
6.532149480271208120e+00
6.607810392957378376e+00
6.680813958677488174e+00
6.596559130550620154e+00
7.182030611780750640e+00
6.853483030630092010e+00
6.640602821206749162e+00
7.215770388296321336e+00
7.088327370005288230e+00
6.752383404316829818e+00
7.204575039061450248e+00
6.955257069783072232e+00
6.942144169299562684e+00
6.565306236976394594e+00
6.768118163920779473e+00
6.544812240079563637e+00
6.762856760689320623e+00
6.537288057216659176e+00
6.622069541811466564e+00
6.803674755406035501e+00
6.937183997009663372e+00
6.614394849437189805e+00
6.551724597761896085e+00
7.264469969747731959e+00
6.552392970671086836e+00
6.893501934778575091e+00
7.128508344032661093e+00
6.605774211637036153e+00
6.963734335928707608e+00
7.052248048451313700e+00
7.025990056670927686e+00
6.532426981702375457e+00
6.959198238435953421e+00
6.599103016317799053e+00
6.693988034264262588e+00
7.402143622104095044e+00
6.532754679014962207e+00
7.241129587406611279e+00
6.878731567500131483e+00
6.519633944311992835e+00
7.080055680576666788e+00
7.233276071746592706e+00
6.804557337493039704e+00
7.129319424872832656e+00
7.348943292144461736e+00
6.893082957459633064e+00
7.365900815182026662e+00
6.774485729032584835e+00
7.158058383683041370e+00
7.114150493565436051e+00
7.038959251195374023e+00
6.770466360868628186e+00
6.812650831488341829e+00
6.632762094304586853e+00
6.677951199446198416e+00
6.999556612321262250e+00
6.709948107536121142e+00
7.045010725935120455e+00
6.943025960387162243e+00
6.731380013046591060e+00
6.605823971244724646e+00
6.706063107920943622e+00
6.737511737017163327e+00
6.963219562542537489e+00
6.538780121138684009e+00
7.249478105825841290e+00
6.943852184452190990e+00
6.533348815594184344e+00
6.660279812975979929e+00
6.594946032452279283e+00
6.904809283479706572e+00
6.893754874689303591e+00
6.736794494667007527e+00
7.087214742111279442e+00
6.538748713610501362e+00
7.181900472124499224e+00
7.295806081182361069e+00
6.617554627987206395e+00
7.442034448298262106e+00
7.054262866795047771e+00
7.306938261612994978e+00
7.128825299994747233e+00
6.542609075320606316e+00
6.657272907218623637e+00
7.221335085538253651e+00
6.530151900173276402e+00
7.028193850659905983e+00
6.998613278859697751e+00
6.794405228255012474e+00
6.898738069672607054e+00
6.666280328563744639e+00
6.912527039609582147e+00
7.005602954738664678e+00
6.751915692813120984e+00
6.593302303872469849e+00
7.459257936769170705e+00
7.779519511119394437e+00
6.543871568775549541e+00
6.534903365016320187e+00
6.735722836584838724e+00
7.438453795601417617e+00
6.747902248018830207e+00
6.645411199644433609e+00
7.630324178302843485e+00
6.648514465293855480e+00
7.002061688657767569e+00
6.570233855386260480e+00
6.950245482987883250e+00
6.591340946608865714e+00
6.678364931862417642e+00
6.788824803745138858e+00
7.093810030231709085e+00
6.882021537222751562e+00
6.613821149659369070e+00
7.081164120856010769e+00
6.955518492100704719e+00
6.512049435637051076e+00
6.541154449987174324e+00
6.557854605481828081e+00
6.658994226938465211e+00
6.677039172086963070e+00
6.994654686936668142e+00
6.967613474291746378e+00
7.261024464353348584e+00
7.163232856974403262e+00
7.124795342609814952e+00
6.910985441066544333e+00
6.567022284335732429e+00
7.005254531340498581e+00
6.694228070871667491e+00
7.117802736158483690e+00
6.738534340105526432e+00
6.584628838125335726e+00
6.925569998568901653e+00
7.283329150208980529e+00
6.611110477283966169e+00
6.688903425809748171e+00
6.668865429835542535e+00
7.116302948664756656e+00
6.595949905576218519e+00
6.791710177576152141e+00
6.745520698725924191e+00
7.099318525286451020e+00
6.790984551590761420e+00
6.658598194011848825e+00
6.550605124001115165e+00
6.826170978110526200e+00
6.658671667114345993e+00
7.002919322610256181e+00
6.652794980651434820e+00
6.866950736319291870e+00
6.954424014184665381e+00
7.324074111286896560e+00
7.335769933707544155e+00
6.985546947702736986e+00
6.635381033603667156e+00
6.537776305976654712e+00
7.077876075030980374e+00
6.733835257359468862e+00
6.575914020746637334e+00
7.194606327730399542e+00
6.867011297768348399e+00
7.475791657734751183e+00
6.902234966230217594e+00
7.485518158041895909e+00
6.876483931457801901e+00
6.608625980459514437e+00
7.548294031286911121e+00
6.556393412872155935e+00
6.615480032616875228e+00
7.935293071535067355e+00
7.111402737854276346e+00
7.203928896590357844e+00
6.815137926192898377e+00
6.746989968011423144e+00
6.673572229048150284e+00
6.533761102025331446e+00
6.529669169748975932e+00
6.711694195286601605e+00
6.642187569157925076e+00
6.983833207722813796e+00
6.607107693352634925e+00
7.345205394519165765e+00
7.570503605839378203e+00
6.817745852294826214e+00
6.532054301273834795e+00
6.607757660308668513e+00
6.670685080482825491e+00
7.269054405787239048e+00
7.295230258623751851e+00
7.561804174051499849e+00
6.667679462751411101e+00
6.611087021212288306e+00
6.857044472885979403e+00
6.722969400629797754e+00
6.760857605765788314e+00
6.800673384161886936e+00
6.538201081615549803e+00
6.709373982579926121e+00
7.067008926431416427e+00
6.820639157071992642e+00
7.094411672559294502e+00
6.989418453464949721e+00
7.444689091494384847e+00
7.007978695483148002e+00
6.885716183430742099e+00
6.599138386378768928e+00
7.378568975550955145e+00
7.970107114171991469e+00
7.206726980452820897e+00
6.558713979036363995e+00
6.570052143610283224e+00
6.737291274123842655e+00
7.013971452407108842e+00
7.181162204031007690e+00
6.614296822838833023e+00
6.943796591191992995e+00
6.600669494824193961e+00
6.570483537195648260e+00
6.814745454520685364e+00
7.239844784422870383e+00
6.946091981644512359e+00
6.998817534221884351e+00
6.757299081118050665e+00
6.670489338636483190e+00
7.412823271513560464e+00
6.770439106958729525e+00
6.847866945339568190e+00
6.545320415647116086e+00
6.543388600679936218e+00
7.085080701985838836e+00
7.412523297029017577e+00
