4.622125937006066110e+00
4.681662052422837839e+00
4.726828674927744167e+00
4.629235594442415724e+00
4.869035160896536318e+00
4.894148406433179943e+00
5.112707143977713642e+00
5.013430973139827884e+00
4.656555857748059246e+00
4.599352373062166599e+00
5.331980338963941968e+00
5.179155439434312669e+00
4.504662288768880529e+00
4.514682849869680048e+00
4.828506403732952812e+00
5.199755118787730446e+00
5.391271547684858945e+00
4.622769322740000852e+00
5.154323491730482765e+00
4.773781430115215940e+00
4.969210156833977265e+00
4.703193823377901595e+00
4.579272024673671559e+00
5.026375987870880024e+00
4.698118165557815473e+00
4.518630567358537853e+00
5.564786015125235075e+00
4.783138975144624716e+00
4.562393433611209304e+00
5.158895820981785008e+00
5.217309529658034073e+00
4.693571789759548807e+00
5.000077933338257452e+00
4.575634633423518061e+00
4.752955503853054431e+00
4.640648229620985887e+00
4.656410527055398596e+00
5.552943038857456770e+00
4.521736628362536869e+00
4.878318363663256108e+00
4.954266642389093533e+00
4.715717962586952083e+00
4.654720409999129949e+00
5.135676522294185808e+00
4.608001321330000621e+00
4.967818356765449472e+00
6.355888624736447667e+00
5.198858417072842464e+00
4.779411593885907195e+00
4.998979935843808065e+00
4.910601309244910340e+00
4.969344556351681597e+00
4.700401879313742093e+00
4.841178572664235347e+00
4.547980630771146338e+00
4.647487399532401753e+00
4.762012850005512554e+00
4.598853617833979612e+00
4.600619167321542413e+00
4.612663267745411133e+00
4.878975495937135420e+00
4.800695002447525894e+00
4.940850383916356670e+00
5.672643229520499375e+00
4.927077580557025271e+00
4.643093846778366007e+00
4.669511118820217632e+00
4.625013021949675007e+00
5.109072658866657513e+00
4.834731475926352218e+00
4.571428588854777431e+00
5.264463665536024628e+00
4.759111507344445435e+00
4.929455302884174550e+00
5.617762790861142719e+00
4.906342909453760726e+00
4.843629764558389006e+00
5.342039985318123740e+00
5.311644618833308407e+00
4.803265350286687330e+00
4.999870610655252179e+00
4.994980990598380188e+00
4.690269108943730281e+00
4.603048608079196136e+00
4.893564646977979216e+00
4.522614697941434336e+00
5.174860176547632307e+00
5.088277710092929063e+00
5.027781939975876746e+00
5.400049004182014833e+00
5.516712226603097236e+00
4.811881196983708975e+00
4.991931733546842942e+00
5.617444717674645815e+00
5.225917366269133169e+00
4.971322366137549409e+00
4.791043285132326801e+00
5.066215386298611456e+00
4.536684882558936316e+00
4.514528775960362950e+00
5.079590110398950031e+00
4.581526802366683526e+00
5.158088957816394426e+00
4.758229965463106836e+00
5.486566053313950420e+00
4.540139370148781772e+00
4.839519157648694225e+00
4.672433930310531558e+00
4.563516821570376081e+00
4.870365131282963667e+00
4.503938963359658487e+00
4.633298577826063358e+00
4.800233445985533365e+00
4.724222974025201083e+00
5.243851619265972097e+00
4.683177909506056835e+00
4.707688089448627267e+00
5.349672795421303029e+00
4.608290573825914116e+00
4.943183302189507522e+00
4.759238159491389730e+00
4.540865694942492148e+00
5.136404260186855808e+00
6.053387961431893061e+00
4.778487899053660115e+00
4.919293761699144341e+00
5.197702505616471846e+00
5.120966589578850758e+00
4.841230393383377795e+00
4.682032048933456814e+00
4.660545737690788393e+00
5.255584659104884260e+00
4.548170683020846816e+00
4.912232371253708152e+00
4.828743858017523038e+00
4.830756342769899625e+00
5.147791598952691672e+00
4.595862507573091449e+00
5.763906673397162450e+00
4.702540156536033855e+00
5.179762016223376619e+00
4.605220385667212923e+00
5.086744780059276216e+00
4.992777382777848771e+00
5.133816416374092917e+00
6.166795339037630441e+00
5.000708657013691827e+00
4.849761895689057134e+00
5.016787787636097562e+00
5.085539646294011895e+00
4.806726422583950331e+00
4.645448298476663851e+00
4.638409608745875268e+00
4.513710396055378382e+00
5.085616703679361805e+00
4.726573106502358179e+00
5.085736790522654260e+00
4.581975096099021982e+00
4.989294365692956923e+00
4.526975822057682564e+00
4.915262102279180034e+00
4.516158048806692804e+00
5.015399042295623389e+00
5.129503392006954599e+00
4.771153887278034134e+00
4.731134877884414003e+00
4.647571785963357627e+00
5.226687967576705063e+00
4.812055222560921663e+00
5.082762276598010054e+00
4.938815094818702178e+00
4.591873436737341940e+00
4.607441897474028991e+00
4.667409903411665617e+00
5.234503142081475602e+00
4.708922811683049048e+00
5.296723520501913640e+00
4.948020739317296801e+00
5.027212937226099854e+00
4.679550426957264975e+00
4.530218701907663181e+00
4.801801080221081541e+00
4.958264986506838667e+00
4.716668464296953189e+00
5.491911053432165346e+00
4.956537483598433269e+00
5.864932810100007998e+00
5.142620308029949072e+00
4.845377766389056262e+00
4.603714363229819639e+00
4.967230599382853384e+00
4.595341043325557706e+00
4.766311118971564120e+00
4.832214723954066038e+00
4.833067239789114566e+00
4.657885171980171712e+00
4.514413243042679547e+00
4.880452197901652411e+00
4.800191298378182481e+00
4.540033228768601603e+00
4.851226612251243964e+00
4.572317114138804151e+00
5.822372474000273357e+00
5.063266368792046279e+00
4.736533869994194568e+00
5.202081709902973472e+00
4.564210026858621205e+00
5.272762646867399816e+00
4.975970931079821469e+00
4.551230575716256332e+00
4.789526167771637866e+00
4.917923306547904438e+00
4.942397585231170787e+00
5.059672074289577992e+00
4.976207682035992619e+00
4.961208119102737513e+00
5.171064922177450285e+00
4.512884856222481034e+00
5.525397948284884286e+00
4.784218166422438578e+00
4.682170449398599388e+00
4.829121113578509039e+00
5.441489234579272249e+00
5.372180922093832578e+00
5.166882462776604790e+00
4.641783635990841539e+00
4.683225658542715664e+00
5.184528305789035230e+00
4.969442766718462856e+00
4.656644570925697835e+00
5.255323193157448003e+00
5.332618278215979224e+00
4.952859295861742339e+00
5.711778873589349992e+00
4.878987877413416108e+00
5.234456815615290637e+00
4.694836861468338007e+00
5.488983147599076240e+00
4.735350994079827736e+00
4.562546201768221898e+00
4.597836688145003237e+00
4.951479186491837936e+00
5.083989444652261547e+00
4.534321382445863691e+00
4.813631063850179359e+00
5.118896346649885132e+00
4.858790388217747669e+00
4.775867808550224858e+00
4.611807269037575985e+00
4.571455437279049683e+00
4.715166432126286722e+00
4.682540399638392081e+00
4.739265726372144272e+00
4.547813245778399960e+00
4.643585890858153320e+00
4.849394969538454170e+00
5.818041684737048413e+00
4.773603164796993426e+00
4.771661124787266672e+00
4.681986664555036981e+00
4.884175206172634454e+00
5.237653338419242743e+00
4.986438631039538549e+00
6.106199391470552129e+00
5.460532221512357509e+00
5.208229235875662333e+00
4.526176454272788696e+00
5.081005036068542147e+00
4.935168363119457169e+00
5.070121166968616144e+00
5.640522419922652020e+00
4.639968882662777183e+00
4.734815221845452449e+00
4.879869364315940317e+00
4.717258344767813583e+00
5.246618264013547694e+00
4.871515810981655648e+00
4.503292005909196760e+00
5.350355238743897957e+00
4.854916058636876031e+00
5.003468263070264932e+00
4.844138208362852360e+00
4.933548033022898238e+00
5.672715617115372311e+00
4.792755881201791190e+00
5.016043226112410380e+00
5.236834449929564705e+00
4.565679243471550741e+00
4.904374072358121062e+00
4.805327812126049203e+00
5.829758336376515970e+00
5.429502250102247629e+00
4.617765767403286148e+00
4.561318167444869509e+00
4.801610517374317766e+00
4.512002716260727908e+00
4.834859733687374650e+00
5.061358833711681271e+00
5.284316963467447614e+00
5.544199588837024351e+00
5.366425963018351730e+00
5.358292121838361233e+00
4.716422745535608918e+00
4.752603525091726233e+00
5.161574373132122417e+00
4.811827854052011411e+00
4.594917386383098545e+00
4.802084436862516625e+00
4.740806919875771186e+00
4.553570112758973387e+00
4.727168041268974719e+00
5.522883058933530265e+00
5.394776259692995346e+00
5.579423882565354376e+00
4.896037258773251466e+00
4.566555913896152674e+00
4.644218891498335111e+00
4.617869871316507613e+00
4.619344713967813654e+00
5.295394402233309705e+00
4.629275111057971515e+00
4.747192350431680197e+00
4.558453917814391687e+00
4.522885977793088763e+00
5.470949806379133307e+00
5.090522549149109288e+00
4.787636884940315696e+00
4.606592106996622249e+00
5.666996252414050694e+00
4.787096847900719432e+00
4.873183215730187534e+00
4.547335469000085340e+00
4.678924283149308749e+00
4.667472836664014579e+00
4.587565925315130855e+00
5.308645215677382900e+00
4.622677972442022387e+00
4.519307458268035482e+00
5.726840917634320682e+00
5.438834612071586250e+00
5.043481079446270776e+00
5.204967231377335857e+00
4.598543070016568812e+00
4.550202688264712414e+00
5.245841076882055809e+00
4.732790605358922598e+00
4.708127288154423162e+00
5.006243872094207958e+00
5.083810844157780728e+00
4.933160403709322850e+00
4.559855474324981728e+00
4.737541808951482025e+00
4.508245760097870480e+00
4.561226312057617527e+00
5.049658756983976815e+00
4.674296120493190543e+00
4.600703967788480675e+00
5.667490623420647466e+00
5.170924242590825060e+00
4.999439412146056583e+00
4.710055343439625730e+00
4.605929558684782599e+00
5.164425490168914834e+00
5.394979185254115350e+00
5.244844661587590551e+00
4.661049283613348138e+00
4.556005092483538021e+00
4.840554717989700606e+00
5.104219477896108081e+00
5.679169575419702909e+00
5.363609973884949866e+00
4.520057143095844943e+00
4.513832390040091624e+00
4.949853695039737822e+00
4.580433709369465589e+00
4.927437275439587872e+00
4.505892978189880438e+00
5.065210876977293886e+00
4.753006147310422591e+00
5.084853014207240562e+00
5.010474308199412974e+00
4.819855834100396308e+00
4.844067887113011395e+00
4.556648593521434698e+00
4.965706650170686132e+00
4.958402418647241738e+00
5.164015425102265411e+00
4.530831680080853019e+00
4.618777401108657088e+00
4.980013557429223248e+00
4.879153368006274860e+00
4.772954219139719179e+00
4.516901094673053230e+00
5.192617707933406379e+00
4.686013930553337481e+00
4.737202541962640900e+00
4.803034378455816267e+00
4.873492170447063287e+00
4.653358380395095750e+00
4.836231669228832963e+00
5.391398852658833896e+00
4.627776716001575252e+00
4.878177996963239060e+00
5.606556456705570568e+00
4.821492999015262626e+00
5.335100985710059085e+00
4.523809609697414302e+00
4.856308684142613075e+00
4.501801337323081853e+00
4.673219812139270068e+00
5.365737340617514839e+00
4.773373201011544609e+00
4.808707117693476363e+00
4.764412959296103978e+00
5.062568640791170971e+00
4.760888284621455746e+00
4.845946801686038086e+00
4.539789065516273148e+00
5.032689610934771629e+00
4.864764083808145401e+00
5.609904122867577669e+00
5.259280657856002072e+00
4.723722051318272719e+00
4.742594436775077860e+00
4.977357613394557845e+00
4.805232775689076696e+00
4.881562692922972069e+00
5.591513100748246146e+00
4.556934067155258283e+00
4.916172383183183392e+00
4.994758686096116840e+00
4.639249547654787698e+00
4.908520265547366535e+00
5.106603956136980926e+00
4.682914882462887007e+00
5.636808215369935482e+00
4.581997943613676405e+00
4.817006076936611869e+00
5.050233268003394116e+00
4.791562465525113446e+00
4.848734604942423587e+00
4.817687184980280257e+00
4.533622333538893656e+00
4.707243406558016652e+00
4.552052158116137726e+00
5.087887406008216651e+00
4.819817172014666085e+00
4.767363695034505966e+00
5.088655918786574972e+00
4.974244305934305110e+00
4.771792955515247847e+00
4.584305865032710869e+00
4.823676969953737625e+00
4.621785530502724448e+00
4.776315892776477945e+00
5.278968408676079527e+00
4.676484076313845328e+00
4.786760726648188857e+00
4.519732673977127746e+00
5.308287692537679625e+00
4.549922730779298874e+00
4.952432754966067385e+00
5.594655972621091600e+00
5.356029289732387788e+00
4.519405140569218382e+00
4.672700523752470581e+00
4.567701055549632905e+00
4.766170603456508559e+00
4.800937311629559723e+00
4.605556089600248981e+00
5.106065903299687569e+00
4.726143662156613523e+00
4.761600477877530935e+00
4.690787092099174771e+00
4.683613128477447596e+00
4.776685107930182639e+00
4.769597781051074570e+00
4.849277952528726843e+00
5.027854919769058739e+00
4.570272914498398897e+00
4.558425525845287041e+00
4.598025920346069384e+00
4.560416885097295925e+00
4.602629746406232236e+00
4.519578667084363843e+00
5.181363169639544353e+00
5.142341084170473309e+00
4.514931586958687681e+00
4.709647907432489511e+00
4.944962399952741450e+00
4.596615650236682171e+00
4.608411730099315484e+00
4.542245522253952394e+00
4.599341791969242976e+00
4.964513271854850807e+00
4.947999828962807989e+00
4.670593714178314926e+00
4.664643780787248062e+00
4.773501374843450051e+00
4.820723416477799006e+00
5.368435287945988676e+00
4.994658028221008905e+00
4.706214823836244676e+00
5.094489634952028112e+00
4.793396138439110388e+00
4.911420535605409476e+00
4.973438049712488151e+00
4.709736966126107482e+00
4.837739701578390061e+00
4.563502450497951557e+00
5.214584755860378174e+00
5.490535448857591483e+00
5.326916660117808178e+00
4.528059901829742273e+00
5.224878406034201284e+00
5.206040822550774827e+00
4.582254178495284158e+00
5.041236656716765019e+00
4.533770783765839418e+00
5.158051833334842406e+00
5.143674236316186921e+00
5.570020351381818280e+00
4.786936879278612444e+00
4.834810555253862496e+00
4.784841815244247343e+00
4.845452146619212641e+00
5.163310513527136436e+00
5.253858834991770976e+00
4.509628751979958494e+00
4.985284248450717826e+00
4.942825716854626350e+00
4.931507327191384960e+00
5.074678619689750647e+00
5.055000207051369543e+00
4.567511866428483280e+00
5.029384557753900253e+00
5.184677629671541332e+00
4.507685328974548433e+00
4.706045333568994238e+00
4.626776535850374295e+00
4.511779171720520232e+00
5.254469602412266127e+00
4.867465690920559140e+00
5.059588915158529154e+00
4.638097869283248187e+00
4.578438162169643277e+00
4.598311932913367706e+00
5.212623253190578509e+00
4.664905241866419416e+00
4.936801225434234830e+00
4.729984111950111370e+00
4.791714582539998268e+00
5.229026073744559966e+00
5.056488250440407839e+00
4.716968252130576467e+00
5.315715247088180995e+00
4.703366198334862247e+00
5.075476995467677277e+00
5.126552480444091842e+00
4.734369731402422232e+00
4.856773687670485451e+00
4.805977100752527598e+00
4.943131941448551281e+00
5.051367813576215227e+00
5.353399863649540791e+00
4.906564466188489071e+00
5.328200679474551116e+00
5.846385942647277290e+00
4.874161111544202285e+00
4.660718019698737002e+00
4.960082442480041820e+00
5.050600567114930328e+00
4.965624834786225961e+00
4.534938782487365039e+00
4.619338809224452724e+00
4.651810675346037982e+00
4.656041061908540613e+00
5.437136825932110895e+00
4.985061541464403945e+00
4.647622650795759647e+00
4.604507255586112180e+00
4.530301335717640931e+00
4.681243526193836324e+00
4.717685436678027422e+00
4.679694227195054346e+00
5.039956722816549828e+00
4.892024629806570601e+00
4.564917281717037589e+00
4.966675331820261441e+00
4.699795401953214657e+00
5.064805767028309980e+00
4.828616790231419209e+00
4.588757491677207589e+00
4.615666229885760252e+00
4.878938242555858729e+00
4.682228715924770412e+00
4.749393545094078739e+00
5.120734141993904309e+00
4.882715495009433582e+00
5.271687711009676924e+00
5.005557276468312722e+00
4.596993801245291777e+00
4.562547376710077707e+00
4.960856134877713153e+00
4.865781752009159078e+00
5.056506163081682104e+00
4.881511154051147550e+00
5.750736740805024283e+00
5.679157334520786193e+00
4.673999641224097168e+00
5.129361459387651756e+00
5.095206012823595643e+00
5.203312581715286100e+00
4.776939847374479520e+00
5.398931873486599642e+00
4.745643313605801161e+00
5.032721358418254631e+00
4.922937938301259031e+00
4.736612459637401962e+00
4.644803615161053223e+00
5.002760051516151663e+00
5.328132489977862818e+00
4.761121097812900160e+00
4.560600797819208907e+00
4.679635509296989682e+00
4.762670269805272305e+00
4.767288531286506092e+00
4.955471951733779967e+00
4.572412032828362172e+00
4.570801548929157576e+00
4.609624095791775567e+00
4.604616275753443233e+00
4.611047060104759510e+00
4.503274372222511701e+00
4.675361127201732359e+00
4.890919797778813027e+00
5.830127098712776679e+00
4.770192068517013162e+00
5.212868342834564572e+00
4.632812179611829784e+00
5.439552077076410086e+00
4.510666663203499738e+00
4.517006496608847677e+00
4.735296645926733383e+00
5.267701961569508207e+00
4.891969822236089449e+00
4.522024450991999345e+00
5.203125525166467646e+00
4.602342128631864426e+00
4.745093180531345212e+00
4.553619388772071730e+00
5.409895689603389179e+00
4.503908770023604013e+00
5.274163829279256532e+00
4.606300613733698590e+00
4.628135046109848716e+00
4.640125659217759768e+00
4.589681105354871171e+00
4.590158838727162127e+00
5.260200031850538416e+00
4.774564925075115873e+00
4.735722239161540337e+00
4.656331708045815532e+00
5.334570181456547822e+00
4.907559022072184973e+00
4.723574779522746070e+00
4.625170936637800878e+00
5.355501082147894998e+00
4.629788815652106315e+00
4.540984724629967495e+00
4.948738645386814738e+00
4.677289071390588582e+00
4.612417369138767320e+00
4.925374425227325936e+00
4.803668005329308599e+00
4.599073723627731702e+00
4.898420339585141114e+00
4.984276409272197839e+00
5.011589366902787113e+00
4.660733739731532488e+00
4.852230936957086627e+00
4.718241625367738834e+00
5.395397676041424617e+00
4.822614731808073429e+00
4.895069270530925110e+00
4.862368521603347205e+00
6.046101537230560652e+00
5.312737518230329137e+00
5.747544942745198782e+00
4.652994904250830288e+00
4.823498392687134206e+00
4.800985769741988207e+00
5.019819192126282026e+00
5.043072507313409503e+00
4.775492491578245513e+00
4.858551036846807669e+00
4.810691023239658470e+00
5.094545315286730158e+00
4.832860412759685254e+00
4.995213945072987549e+00
5.175224995941022144e+00
4.995464664815398415e+00
4.736769694737634318e+00
4.820473621154526711e+00
4.811134157766986164e+00
5.523129673276638840e+00
4.788264760579561852e+00
5.357306402737623152e+00
5.346753376746208986e+00
5.071001276724810047e+00
4.628000044057339224e+00
4.780460741309195072e+00
4.962503418022406798e+00
4.663799308368096419e+00
4.601207846853736072e+00
4.823403830424757288e+00
4.920660178485413816e+00
4.964725396064320506e+00
4.931201477101639696e+00
4.686878828848793255e+00
4.725630552382643401e+00
4.749996612260847684e+00
4.629610480519385618e+00
4.631164453198604924e+00
4.805325382219608699e+00
4.580809883405505545e+00
4.569132515180619691e+00
4.841576653979566380e+00
4.529869967604600589e+00
4.763980337341668481e+00
5.073578113154788127e+00
5.615033450965038142e+00
4.837147919139272112e+00
4.664034023275676510e+00
4.946324043947097238e+00
4.591333885117929725e+00
5.407571206131392749e+00
5.081343803951087423e+00
4.594979377454700753e+00
4.561360883449706805e+00
5.394183936574513005e+00
5.507300634488965230e+00
4.660205253540968151e+00
4.608547632328134469e+00
5.007206207097473438e+00
5.865925866591336302e+00
4.664448306213980544e+00
4.734450914575707436e+00
4.733758854744587019e+00
4.810518219504081650e+00
4.667516574293959941e+00
4.885174018824985254e+00
5.188744223903354325e+00
4.762459839167632936e+00
4.679346361338450500e+00
5.420877419010384557e+00
4.877495862940581794e+00
4.647956328702143480e+00
4.724898725528324128e+00
4.837986832753828459e+00
4.555846668812873368e+00
4.521207657587569706e+00
5.029834137685362805e+00
5.065569727454118265e+00
4.814286392000465042e+00
5.246029303120166354e+00
4.910546008642675986e+00
5.084209930631215180e+00
5.426029004906506081e+00
5.127282952082974354e+00
4.699799901719070583e+00
4.574832683191699445e+00
4.524932880575402550e+00
4.755427856361010619e+00
4.504670563940161188e+00
5.060726596396979637e+00
4.800205481626111492e+00
5.054106290517421662e+00
4.835472281726939769e+00
4.509334115754144889e+00
5.261269861671777015e+00
5.376891560216688681e+00
4.921757639904321913e+00
5.017323596150270681e+00
4.538056387628305544e+00
5.013645631649958467e+00
4.552737071143619474e+00
4.706769241599186415e+00
4.691668955506951733e+00
5.204949107321679591e+00
4.808599630465351105e+00
4.539346890964202075e+00
4.654185443041422232e+00
4.794665488998992586e+00
5.469473743118536291e+00
4.653608728015112384e+00
5.107191726245924102e+00
4.610522474638155899e+00
4.959912669604951141e+00
4.643301810697903598e+00
5.102746467724914581e+00
4.871501688252529050e+00
5.304980098686293388e+00
4.567116329592372459e+00
4.619751000751318060e+00
5.095374513950207351e+00
4.717176081422338463e+00
4.543592848628399850e+00
5.021539632137124620e+00
4.585464417658762670e+00
4.574973682623789450e+00
4.839489647652221116e+00
4.770861295511065414e+00
4.609915184522336062e+00
4.987628099605260878e+00
4.773403061387679891e+00
5.002559275263878114e+00
4.749924783057665856e+00
5.179514618757163014e+00
4.898090547794413219e+00
5.158006072740976222e+00
4.944523894617196547e+00
4.735031518016753260e+00
4.753431816686175537e+00
5.151530457466135360e+00
4.518319261532527165e+00
4.609367700895308673e+00
4.947803312668382247e+00
5.067257956480922587e+00
5.223950429928029493e+00
5.101483666133299621e+00
5.677560198986487450e+00
5.374927338055478288e+00
4.777380325544931416e+00
5.124737862014448808e+00
4.689976681566594863e+00
5.401916285453831179e+00
5.992453539458579392e+00
5.056834566540327813e+00
4.716198895124946944e+00
5.542858235222752228e+00
4.525672720478298494e+00
4.769419152306701548e+00
4.845182148696268953e+00
4.848843348990817148e+00
4.642839416011830700e+00
4.763810289013760801e+00
5.030321682343981138e+00
5.110062583503061084e+00
5.038276659299302018e+00
4.510500350888156262e+00
4.992676204040694010e+00
4.653513979592513117e+00
4.963152334861289816e+00
4.747981300938531213e+00
4.897598164205405169e+00
4.642749563376106003e+00
4.994546799002390181e+00
5.328860853672624742e+00
4.716228249882477463e+00
4.539936353701286009e+00
5.438249065936604509e+00
4.876912022493200993e+00
5.188971089721782448e+00
5.464226993575124425e+00
5.266796121167322653e+00
4.853454993720556665e+00
5.639312830259871845e+00
4.789751200925206120e+00
4.659140763392718654e+00
5.253576964478673617e+00
5.281656791952579866e+00
4.537247517813452369e+00
5.059410807938649057e+00
4.716601703670685986e+00
5.238077233687681300e+00
4.654666603409008729e+00
4.903473121359986031e+00
4.581986361417116349e+00
5.284452846086904465e+00
4.585650168709999974e+00
4.965274449145105962e+00
4.643294747232570074e+00
5.083313906280125138e+00
4.616471347964269611e+00
5.085355491669560912e+00
4.841972600720290565e+00
5.027621846434144004e+00
4.853640252409386235e+00
4.883183697017245528e+00
4.924781775315606680e+00
4.645104628120330759e+00
4.899533202926478204e+00
4.668471028452135130e+00
4.692295737553422441e+00
4.836476950958353171e+00
4.645046949388062174e+00
4.938009499878916131e+00
4.692368662071515928e+00
4.617661151419484966e+00
5.319339649929255565e+00
4.788323792706051130e+00
5.451377836546056344e+00
4.772844359590750152e+00
4.506635255734920520e+00
4.626167580818508540e+00
5.194801195084826517e+00
4.733979634919011303e+00
5.213425100416070102e+00
4.753759263179860639e+00
4.690450802531922925e+00
5.141812432473674477e+00
4.545362369356166887e+00
5.269000497826759499e+00
4.776594843264066803e+00
4.712189196056065121e+00
4.639607805068728830e+00
4.915837310982285935e+00
5.471343399866346324e+00
4.728562611884100875e+00
4.646624819962925201e+00
4.657772423402884776e+00
4.557170039935316552e+00
4.650584825881411533e+00
4.961698810035088947e+00
5.032859241425284402e+00
4.774215347125076114e+00
5.454133487122719615e+00
4.605404380350649696e+00
5.035365232326410201e+00
4.765907095594596576e+00
4.652330769498017382e+00
4.623213707882254830e+00
4.605820632756900679e+00
5.643938567841579435e+00
4.754626176334407539e+00
4.928122920586305966e+00
4.785772382986391627e+00
5.156717939649646532e+00
5.085731099336428862e+00
4.529305914697264512e+00
4.958990006541447393e+00
5.577392251240531174e+00
5.220516974937254417e+00
4.689743872779716050e+00
4.930657373248669373e+00
4.799153401683524223e+00
4.907192178447506770e+00
4.887591338136901165e+00
5.055263624803741251e+00
4.706790543769217905e+00
4.785737100700448110e+00
4.902432633727329403e+00
4.505068891660402919e+00
4.673667381356710671e+00
4.826425447984446393e+00
4.614098974593439095e+00
5.039119587668942302e+00
4.566132177884918875e+00
5.043373819897936983e+00
5.173803527926470025e+00
5.003008672097203124e+00
5.367513182702571051e+00
5.030904550868433134e+00
4.640433902281407619e+00
5.173483759607202970e+00
4.654895443062432747e+00
5.188581906882587802e+00
4.910937538952635961e+00
4.847267505439019075e+00
4.902329341400055718e+00
4.757606431786072676e+00
4.672875652348554176e+00
4.806704209652056470e+00
4.586950477173259877e+00
4.938614912438517024e+00
4.875094516877573447e+00
4.990166687692942027e+00
4.956033584686138305e+00
5.387071221168173274e+00
4.850860555216324421e+00
4.507818522602928368e+00
5.278083698734226559e+00
4.576103229260527705e+00
5.050604699169460865e+00
4.625007333937396048e+00
4.577576745168437711e+00
5.501141344517096243e+00
4.522385864126334809e+00
4.518929245303980657e+00
4.797636035049321457e+00
4.908177278328516913e+00
4.611593529050852069e+00
5.045444111006899490e+00
5.437481404838603538e+00
4.836050342087118814e+00
4.576601441724845287e+00
5.208438238749168114e+00
5.451307820108654667e+00
5.190664900206904520e+00
