8.954543131421402791e+00
9.322537295157445669e+00
9.105301936416031694e+00
8.581108708132328289e+00
8.541820018272815673e+00
9.448186646389260090e+00
8.601972871436323942e+00
8.947446924855206873e+00
8.649962516052109862e+00
8.849580140534467176e+00
8.827493517937305967e+00
9.038734599863238017e+00
9.171205596850963815e+00
1.012609892769502018e+01
8.632199606431164796e+00
8.788946377394651677e+00
8.745100549839298409e+00
8.521183783652414689e+00
8.650658370488635285e+00
8.874753875432482175e+00
9.271034963125305950e+00
8.702007096082761350e+00
9.019744667159852014e+00
9.440756250954844830e+00
8.613365378966795660e+00
8.568247855097595789e+00
9.735650766350252283e+00
8.531369645745108699e+00
8.679902519180023646e+00
9.255751747691171261e+00
8.676172365582019097e+00
8.610900268014670900e+00
9.115705991689861065e+00
9.046611506389076851e+00
8.567743291627856195e+00
8.838656078824111972e+00
9.307009634973079315e+00
8.779667022030631429e+00
8.641077481762218682e+00
9.012234817741866522e+00
8.644841844901911543e+00
9.342351532857612995e+00
8.775831472698126134e+00
8.827696607951558860e+00
9.012360966690327047e+00
8.733510896129857315e+00
9.448003233764310949e+00
8.674498173292215952e+00
9.558512914097114788e+00
8.753756430488163431e+00
9.113669276962973242e+00
9.155273874746768570e+00
8.939899436624418883e+00
9.158067499264197053e+00
8.912602539654837841e+00
8.922910513624103146e+00
8.588618190276449127e+00
9.300141225364230380e+00
8.597114797945003772e+00
8.841478341025419851e+00
8.705100458389980034e+00
8.684936621042535165e+00
8.607115192858241670e+00
8.875869432450542718e+00
9.210253196054191349e+00
8.834826445936485584e+00
8.733778362280407492e+00
9.396762043181425383e+00
8.584275076513778302e+00
8.821918736144517936e+00
9.089260611150439928e+00
9.317434037749876552e+00
9.398865616773328213e+00
8.570420638250633161e+00
8.869872190188559102e+00
8.634146071193367078e+00
8.611952413544134544e+00
9.248482727841643936e+00
8.740211674261768593e+00
8.566662480471805452e+00
8.638522296334961936e+00
8.748569914550811788e+00
8.966956411827819551e+00
8.942855571567497108e+00
9.388709868570288108e+00
8.703024802431000850e+00
8.760124722834754962e+00
8.681286198129098963e+00
8.573328498495866867e+00
9.531930710344337143e+00
8.560333550711181516e+00
8.816122962172855182e+00
8.894604486606862537e+00
9.018438980779597713e+00
8.673940758000437512e+00
8.849997664103568695e+00
8.753360630955995703e+00
8.560909779225848837e+00
8.575806299300992919e+00
8.764851120650615002e+00
8.502208394178222051e+00
8.515650388150621808e+00
8.533403432291024160e+00
9.094298946715156262e+00
9.297745969850899073e+00
9.332951081929937942e+00
8.505090452816126856e+00
8.971369703854779942e+00
8.683529612645806139e+00
8.543846602686144820e+00
8.565204059090202549e+00
8.541867625916527373e+00
8.877930601345788375e+00
8.697309332922067426e+00
8.604964658677047851e+00
8.591674711239797091e+00
9.201546569727533154e+00
8.514133466745931855e+00
8.833523079632410457e+00
8.545647229760138686e+00
8.591978489141638420e+00
8.810419138022858476e+00
8.631142267631723541e+00
8.954542415925903498e+00
8.747204783589214827e+00
9.119264114940863308e+00
8.975006775059696906e+00
9.644450640409827358e+00
8.731779592595824369e+00
8.796003158497120111e+00
8.985245671521806088e+00
8.778213999121909694e+00
8.652121279621550087e+00
8.504184379941147398e+00
8.676296152484743729e+00
9.245801256843598992e+00
8.911541416325711396e+00
8.502914091017682807e+00
9.123943172040231531e+00
8.509783778182775649e+00
9.493915625380513035e+00
8.848190522801814950e+00
9.342708742676183675e+00
9.290071199033487659e+00
9.288635262094299350e+00
8.744954862312861010e+00
8.617556058264497665e+00
8.727708689872940795e+00
8.584546559670632959e+00
9.193228056115522406e+00
8.893390864649864724e+00
8.658385341990612716e+00
9.170350683874602282e+00
8.807076322024409265e+00
8.506817908812305262e+00
8.596663267177692802e+00
8.777975948255985372e+00
8.548712658129890229e+00
8.960883132824926989e+00
8.624944209875106793e+00
8.915574855016364708e+00
8.505901597096899636e+00
8.591244279899079572e+00
8.710285249356854109e+00
8.555057584510297630e+00
9.699189634727130027e+00
8.647507298793721375e+00
9.319256159445103549e+00
9.003815379843036482e+00
9.519580863722483244e+00
9.349008956439829987e+00
9.274589117791714798e+00
8.901282017070945685e+00
9.552119604118768592e+00
8.614299940362375452e+00
8.802026991178347970e+00
9.114764548191105931e+00
8.824384148219898805e+00
9.885815908512984862e+00
9.055170919799248708e+00
8.630790459996564579e+00
9.157359504115071047e+00
9.293443694918419595e+00
8.868943732234765065e+00
9.797486941236702052e+00
8.866059013916856912e+00
9.104231822140327779e+00
8.708983418819503441e+00
8.651972332432368518e+00
9.118294744376527206e+00
8.622130011977645836e+00
8.681857976076033268e+00
8.739608215901817800e+00
8.943115686779774975e+00
8.721501397096290020e+00
8.706863032553759041e+00
8.793699572900617767e+00
8.798716729748896626e+00
8.513140487373902943e+00
8.703829792018478173e+00
8.813745456930524469e+00
8.649781017665157279e+00
8.819367106927090916e+00
8.893987486490022576e+00
9.201726785077610771e+00
9.106338058052358519e+00
8.663695926728900432e+00
8.581018529315816323e+00
8.500812806107504116e+00
8.761207812662595629e+00
9.229373090913167488e+00
8.601837740353776240e+00
8.683727016099926033e+00
8.872065460962376804e+00
8.915315828410331989e+00
8.875399386907488974e+00
8.501589347345452907e+00
9.101103641817644530e+00
9.323160829711461872e+00
8.661152836578683178e+00
8.583872591886958503e+00
9.098208098550426115e+00
9.051568928934500491e+00
9.130996570711197080e+00
9.372295693914143300e+00
8.527738027793549946e+00
8.866985206420213927e+00
9.125511439025114413e+00
8.838216339797018151e+00
8.879495692355556358e+00
8.891713099024109113e+00
8.506510870929975709e+00
9.333004892912370565e+00
8.633666796733004745e+00
8.515956204809015162e+00
8.951466863582041356e+00
8.886243531406130103e+00
8.580406472647776894e+00
1.006863383005239854e+01
8.756104282836655983e+00
8.669900838748844762e+00
8.563586739029421580e+00
8.864940669985058364e+00
8.603682808431615925e+00
8.591801712887679798e+00
9.048671076406106906e+00
8.541947870929952558e+00
9.032530637543757734e+00
8.543699260374019389e+00
8.758120262957440616e+00
8.578616332777228237e+00
9.712110184178040839e+00
8.650277195516347106e+00
8.736973447918739311e+00
8.634019815090304917e+00
8.872628852867293858e+00
9.382001178630316574e+00
8.823724448532548337e+00
9.065723701999068851e+00
8.730282032303454898e+00
8.680826904773757846e+00
8.561946033032119985e+00
9.584378311234630132e+00
8.746871425885423434e+00
9.264252924368433284e+00
8.938668558026755306e+00
8.995395660083957523e+00
8.804342439554080357e+00
8.711185430688692222e+00
8.816824465286812185e+00
9.095543046640806040e+00
9.353275409577765487e+00
8.833549577458679636e+00
8.861941715809972919e+00
9.054370599751887738e+00
9.523522816016493309e+00
8.974935762951480100e+00
9.219851023782288379e+00
8.765165909912763453e+00
8.613442449905955201e+00
9.023298715244422397e+00
8.656068912117795833e+00
9.289871528756345143e+00
8.549413019652426726e+00
8.818544676967739804e+00
8.788742617901871057e+00
9.242307532321150987e+00
9.577168953436251186e+00
9.495987676357781737e+00
8.534449380264515383e+00
9.801637164247493317e+00
8.985013226942058395e+00
8.660827698578742684e+00
8.745832586055467317e+00
9.296183317872625196e+00
9.364114039554703339e+00
8.576682458888164717e+00
8.590298098494919543e+00
8.527709607471262387e+00
8.757785874938683435e+00
8.723507374659334346e+00
8.989798396436025740e+00
8.601999070797070601e+00
9.136494253193028214e+00
8.903338981280509046e+00
8.569790136961412230e+00
9.314891361025280148e+00
9.218754763760042437e+00
9.080181723686418849e+00
8.821473397081032175e+00
8.930152745856020147e+00
8.625234277449427722e+00
9.087242133191342219e+00
9.011767321654685858e+00
9.139228558883292663e+00
9.432776838770980277e+00
9.296562744655883392e+00
9.311485081527095531e+00
8.784019552977204270e+00
9.124860347950800588e+00
9.582280462088089479e+00
8.669957374242978076e+00
9.094045029385018353e+00
8.654789007259974909e+00
8.682786048011227109e+00
8.782320916070860406e+00
8.793026459294607022e+00
9.019075384842132337e+00
8.565825863695252451e+00
9.205279886541678280e+00
8.585723248436346822e+00
8.516030477837691848e+00
8.764500840700382156e+00
9.106748661139562273e+00
8.725786703104262187e+00
9.220274975791584282e+00
8.980422642442736247e+00
9.027854935617654064e+00
8.850677451013215347e+00
8.911410827533469359e+00
8.603375448877759624e+00
9.293525474747394099e+00
8.780908573802410189e+00
8.790599933389128040e+00
8.995661573499845076e+00
9.295507639006508782e+00
9.068001638456262725e+00
8.792422297921092422e+00
8.808206187594041836e+00
8.678131004917576163e+00
8.536624473316873463e+00
9.439240511058702765e+00
8.562592419736404281e+00
8.672912549494213863e+00
9.469294058129399616e+00
8.901283544460421027e+00
9.225230165173332608e+00
9.013017433432187531e+00
8.529095487170614831e+00
8.594444923939269287e+00
8.573924436872523813e+00
8.822662526532669247e+00
9.164890596807975243e+00
9.038124814976853827e+00
8.631298735218816631e+00
8.774362911441251356e+00
9.016395827464229740e+00
9.309114403035245289e+00
9.364313767442242309e+00
8.840898882890815713e+00
8.773922225421108223e+00
8.968971595906225502e+00
8.979610345719301279e+00
9.607806740123280065e+00
8.835716106174205109e+00
8.867462063525447746e+00
8.805787391098434114e+00
9.036880237497111779e+00
8.716672895096078122e+00
8.522355454003333719e+00
8.882858959729567516e+00
8.680090476606256544e+00
9.072756903174269638e+00
8.608482434188168497e+00
9.211225892899191692e+00
9.088631848830360127e+00
8.745514982597693887e+00
8.608793635857514559e+00
9.229036749414552432e+00
8.721128170784744782e+00
8.565453284489141339e+00
8.843650521654272012e+00
8.525277396196235813e+00
8.601456407263111004e+00
8.583357912272123968e+00
8.836427065740021902e+00
8.711864409977366108e+00
9.045441692032817116e+00
8.567999069213051655e+00
8.696487424225747276e+00
8.691781643702336524e+00
9.071895104841548374e+00
9.276914045720459967e+00
8.831535372466948530e+00
8.887514226106960180e+00
9.136381110704434150e+00
9.259444473915445784e+00
9.092180744429818162e+00
8.665262469016724367e+00
8.545790097260578477e+00
8.633752312577312793e+00
8.938548791169720786e+00
8.876780363689439568e+00
8.843426596867512757e+00
8.545924379141133898e+00
8.770048250192596484e+00
8.516414614673315953e+00
8.970592754393123869e+00
8.656599360755894423e+00
9.025835751464615697e+00
8.863070613882680249e+00
8.533974640465142869e+00
8.587686714160286172e+00
9.352424755501555609e+00
9.268659704892854734e+00
9.163897474334557813e+00
8.895582855353101337e+00
8.733981739542379330e+00
9.520574323035836173e+00
9.346227640609415133e+00
8.510671099235352699e+00
8.576160424025250251e+00
8.871938609447251878e+00
9.008162425120206152e+00
8.810073176496963754e+00
8.615102034946321652e+00
8.776897286154412114e+00
8.630146195439818868e+00
9.146806424045980322e+00
8.871256015586455490e+00
8.768586976607181782e+00
8.589247751358024985e+00
8.848692500889026036e+00
8.891514863144264424e+00
8.970314261460984540e+00
9.024210176683919116e+00
8.526223676980968946e+00
8.746365399405364727e+00
8.742298439885587413e+00
8.607666095680738039e+00
8.707745791292254012e+00
8.527673391502666789e+00
8.808028603702005910e+00
8.848198031743482517e+00
8.828798569309290301e+00
8.589450194848375020e+00
8.566536919645390213e+00
9.086450348978905467e+00
9.073811221641717495e+00
8.690612951234061967e+00
8.997257664961988866e+00
9.446022393311288567e+00
9.200898126747052430e+00
8.689571664432392595e+00
8.583881603164723373e+00
8.532124391044682454e+00
8.840183850311287728e+00
8.804545824999834736e+00
9.076559372322394736e+00
9.098064702586576402e+00
8.543909051694370760e+00
9.594696084547662096e+00
8.664546201320970198e+00
8.743754493910348202e+00
8.899998126220223682e+00
8.523999286097218686e+00
9.032235037570959690e+00
8.621632478505851793e+00
9.366766628081986568e+00
8.657170795744848490e+00
8.771817748570079232e+00
8.642479941758903550e+00
8.963524658635900977e+00
8.746015594030959406e+00
8.652198892902660532e+00
9.209192047922698521e+00
9.021384937386994096e+00
8.815262367454010928e+00
8.683201350140741681e+00
9.261603554239334457e+00
8.776242444359755979e+00
8.810497230580963901e+00
8.621498977006991637e+00
9.192455682504622416e+00
8.877628389320948443e+00
8.974026715165877022e+00
8.775828941934289418e+00
8.512144168181199788e+00
8.693005729315261831e+00
8.512955806557153338e+00
8.518759329960150950e+00
9.717745832575987563e+00
8.559513924744642566e+00
8.799627304832181807e+00
9.200388933897039934e+00
8.777825388534745699e+00
8.658497299929168278e+00
8.772321976230820439e+00
9.176413142943392387e+00
8.528146386020040381e+00
8.828467919286314469e+00
8.622475720735135241e+00
8.537804189186768866e+00
9.120716922880308886e+00
8.509076069848347856e+00
8.773017372929597713e+00
8.873969275951278490e+00
8.609200769024630162e+00
9.321112591344919096e+00
8.768462499164384027e+00
8.615125841983299892e+00
8.930879250588338536e+00
8.957157540454321776e+00
8.754088960310944856e+00
8.519724987405407290e+00
8.978711265907772798e+00
8.651274642112003477e+00
8.594511743407625914e+00
9.171823042174372276e+00
8.840589217828563662e+00
8.797330389606194956e+00
9.081095656553806350e+00
8.814529226189085520e+00
8.931479372303250841e+00
8.766698056303198427e+00
9.293577100101654054e+00
8.890813035302183920e+00
9.328575507167897740e+00
9.319602842175633839e+00
9.085710906392501229e+00
8.876085099881466434e+00
8.971402743084672338e+00
8.641018497415718258e+00
9.372822544471580031e+00
9.237404169234803675e+00
9.122874289426169625e+00
8.515970578344251862e+00
8.623135247406070292e+00
9.365918509088846378e+00
9.153892752956323875e+00
9.213048442906195845e+00
8.765491543437990529e+00
8.663528172272215500e+00
9.300668758779782053e+00
8.742945340310500413e+00
8.691898155890260824e+00
8.693242380295325589e+00
9.282532622971876535e+00
8.611799111588865685e+00
9.190884467275353131e+00
8.819800319343467976e+00
8.666684171416195070e+00
8.906891947468782433e+00
8.678555630885586680e+00
8.849052667686773788e+00
8.933151357471423637e+00
8.905839215216090565e+00
9.164629204387612305e+00
8.937813173058168914e+00
8.640076256573504310e+00
8.689217906322276974e+00
8.763767391716815069e+00
9.099519651399635478e+00
9.332738682740622238e+00
8.515375797021452087e+00
9.858645980543403908e+00
8.830557960419163521e+00
8.582937080731944945e+00
8.890707619516708959e+00
8.805298316156740412e+00
8.530927404057365493e+00
8.901153228732859191e+00
9.411086180460191741e+00
8.816013387141225621e+00
8.645666058590594005e+00
8.988004978647252230e+00
8.670984307358166276e+00
9.361720088983609855e+00
8.819398967770755604e+00
9.119364990316848107e+00
8.530811886230996066e+00
9.054406177493500962e+00
8.593268363064749948e+00
8.638173131036232633e+00
9.240340480162597459e+00
8.577973462878393462e+00
8.689095117835533344e+00
8.740798141886777728e+00
9.347726729663637713e+00
8.590026881272422088e+00
8.936131397330395743e+00
8.628556050554376355e+00
8.685128470618106888e+00
8.795186981452062014e+00
8.875399673374730014e+00
8.610799305950294524e+00
8.916825175991716534e+00
8.927315360468611516e+00
8.768357332491387268e+00
8.627139605213749007e+00
8.715772098466866069e+00
8.561590728855760446e+00
9.068949994236245260e+00
8.509160546822794657e+00
8.714303558585431375e+00
9.388222839342697412e+00
8.618613505043921208e+00
8.855984109681898531e+00
8.594077587258862394e+00
9.478993256963157421e+00
9.171270682320535883e+00
8.701210291042999145e+00
9.077544304571656397e+00
8.892334421471957739e+00
8.640736443807588429e+00
8.584616830222552508e+00
8.658821832005518360e+00
8.947292095728098360e+00
9.501277646451487868e+00
9.109130633076603090e+00
9.330934285818381468e+00
8.622845433463272258e+00
9.360060025863202071e+00
8.553166581171844030e+00
9.456245995394063186e+00
8.588960928096838643e+00
8.734919461013568309e+00
8.723798150547001029e+00
8.712975892452188731e+00
9.059213654367006541e+00
9.201648963988185770e+00
8.895000982479334795e+00
8.874443802737399523e+00
8.666792953999912896e+00
9.330595918931305022e+00
8.890142907420159446e+00
8.770369314583785325e+00
8.885673968423574820e+00
8.565652963986710944e+00
8.570059667257471148e+00
9.397308607644720979e+00
8.638718703815207789e+00
8.672749770812755443e+00
8.883772320459243588e+00
8.826979647310819743e+00
8.882503677056480029e+00
8.737651609551532417e+00
8.765957596461984025e+00
8.606580666763525400e+00
8.834901891380180672e+00
8.778853935731724789e+00
9.440704681955850219e+00
8.581694115291885083e+00
8.935037362122404403e+00
9.563176057842962763e+00
8.561543487068632885e+00
9.041417720921526069e+00
9.248325746116178081e+00
8.714607327855041774e+00
8.894051404515909809e+00
8.556286012109250549e+00
8.717926524652980902e+00
8.658549455293201191e+00
9.002775118412213118e+00
8.534925519632976076e+00
8.824165410852653935e+00
8.880921126164828650e+00
9.410044769760137484e+00
9.378617358319756292e+00
8.504131639248136310e+00
8.904105640210030259e+00
8.762047987099037982e+00
8.866347990306501003e+00
8.966906911829655158e+00
8.675476728187572206e+00
9.088933979639739036e+00
9.376854182854623687e+00
9.296380263446167191e+00
9.081712440054040769e+00
8.856744339669841537e+00
8.825685156252744079e+00
9.069142658425972670e+00
9.103710718435714000e+00
8.507594999107165989e+00
8.523713974012498085e+00
8.819794448120916286e+00
9.249943645650073876e+00
8.636408659934058818e+00
8.590464544606128072e+00
9.416381753038955083e+00
9.301606447460741833e+00
8.671681278351243805e+00
9.203015348523624795e+00
9.083773097506467664e+00
9.916582530766723025e+00
8.603105798359791834e+00
9.316173571226990191e+00
8.535737546908471529e+00
8.990152736942587097e+00
8.986209448039318204e+00
9.363114978773856123e+00
8.644798556345167029e+00
8.608397829398775514e+00
8.847952279806898801e+00
9.491227863051644675e+00
8.678471832159036836e+00
9.136053583150831159e+00
8.706192096242428846e+00
8.662700123504418315e+00
9.001465355942581681e+00
9.101994272660778762e+00
8.508186608888593128e+00
8.906342100109476689e+00
8.861974716435895516e+00
8.754328476374816148e+00
9.120396443148255372e+00
8.731001429185123897e+00
8.872748018440649531e+00
8.782450006167408674e+00
8.797421590845608819e+00
8.826014512756888308e+00
8.598505482138584455e+00
9.145734474196029140e+00
8.686325912118423531e+00
8.850178645848611581e+00
8.674604959242264712e+00
9.236563769686917169e+00
9.188822422624241426e+00
9.482647029615261403e+00
8.736834554041134737e+00
9.292323935110822219e+00
9.235774783963883294e+00
8.897859232739779856e+00
8.593012246269019272e+00
9.022685578043603272e+00
9.458601524136808436e+00
9.169309227826389019e+00
8.548032505848777163e+00
8.514116364399146875e+00
8.806887448944808128e+00
9.355743433262816211e+00
9.042821231363355139e+00
1.021258454537165505e+01
8.945712323792424314e+00
9.282101255178037746e+00
9.158296687097141842e+00
8.868279077692271528e+00
8.556803426433738480e+00
8.582358358531646303e+00
9.163485786203962036e+00
8.740422890717617577e+00
8.923173646113212953e+00
8.687077922632710170e+00
9.302552349736842530e+00
9.363957040038361157e+00
9.505645828024494648e+00
9.401579507677276126e+00
8.889497231994743842e+00
8.922491704958190439e+00
9.538766962070550193e+00
8.742719192468246803e+00
8.949021133339268630e+00
8.791211555703554836e+00
8.723220839968114149e+00
9.404156691504311993e+00
8.894291445284860487e+00
8.810276412482711095e+00
8.533946285307830948e+00
8.598063178074646373e+00
8.870035805685361652e+00
9.891626585525415294e+00
8.805980514977882478e+00
8.943751272214971237e+00
9.222767674810709693e+00
9.370730244500778738e+00
8.738143498178100543e+00
8.603246257501961480e+00
9.593811855441265024e+00
8.859200309528349138e+00
9.289751479824856162e+00
8.691652372812544769e+00
8.555676396247815063e+00
9.274050776195181811e+00
8.774185912865121395e+00
8.791849804518722777e+00
9.699260226378513039e+00
8.768579843842690735e+00
8.897751988121617828e+00
9.060005753826185781e+00
8.643049979162796603e+00
8.672361863213557953e+00
9.061809593228122850e+00
9.151089481443520413e+00
8.627059554697256161e+00
8.698572263296195928e+00
8.505465371503682093e+00
8.751355633117658073e+00
9.325141483614771687e+00
8.763164574248287764e+00
9.086264071313051360e+00
8.535993061656220959e+00
8.910097236258494036e+00
9.497898212966505938e+00
9.708884791027703187e+00
8.901827614171834213e+00
8.508973550503023731e+00
9.202360334616912496e+00
9.056993440975183773e+00
8.515469105039681352e+00
9.083341867898976574e+00
9.039596537176215918e+00
8.560679174442139328e+00
8.866447269726657865e+00
8.876771216513420271e+00
9.310203131509524610e+00
8.793742694476522459e+00
8.885385701880753828e+00
8.878496915185412064e+00
8.852649595818492756e+00
9.225389304631518073e+00
9.465954736202093045e+00
9.360976559281626308e+00
8.624378757407599849e+00
9.253130569303486652e+00
8.704700654292054196e+00
8.508028763407779138e+00
8.863785921915726007e+00
8.559215073778947414e+00
8.836700855402918720e+00
9.062930247144356244e+00
9.212382887190633696e+00
8.708152640146980872e+00
9.200529984268225547e+00
8.535831657507436887e+00
8.934928492712238324e+00
8.726582275641398212e+00
8.876668062028119977e+00
8.621469787295859888e+00
8.646995472942405669e+00
9.196509115179154037e+00
9.137363105600034174e+00
9.227493045118475123e+00
8.820431243293240797e+00
8.979192723681169497e+00
8.805040332055977359e+00
8.658742353156164029e+00
8.503883879126883372e+00
9.374782961296652672e+00
9.015120899854220937e+00
9.115706814947387215e+00
8.546510767341578330e+00
9.283553749431632696e+00
8.592476818439774178e+00
9.207686922567461352e+00
9.093433939540924271e+00
9.061801137632816250e+00
9.004679682565548404e+00
8.628293061114767681e+00
8.974904755784189447e+00
8.568260351234687988e+00
9.237183981385289400e+00
8.626913457345338543e+00
8.791127695044588464e+00
9.337445801131424972e+00
9.134315547711706174e+00
8.523898673629052070e+00
8.828256712111572924e+00
8.857301927355495152e+00
9.194690709936871542e+00
8.918106765617476839e+00
8.541359141912852948e+00
8.776495804705216841e+00
8.977280618863565209e+00
9.756579242606585822e+00
8.750823609197029285e+00
9.711337072326243103e+00
8.876758626609625225e+00
8.809249885678099190e+00
8.773363725336009722e+00
8.902637903495675076e+00
8.782948744987013612e+00
8.750391105528805724e+00
9.646647697733605753e+00
8.832936981507764074e+00
9.113514965956639458e+00
8.842216616760735448e+00
8.647451205080045611e+00
9.473094925310569181e+00
9.280141525084694365e+00
8.589417918616394587e+00
9.288017619446794271e+00
8.624742250194449511e+00
8.893410489789614459e+00
9.409259788523087309e+00
8.889901509371149757e+00
8.634212958130360605e+00
8.669210435720609453e+00
8.995762554498465846e+00
9.071594231609699577e+00
8.913490558521850460e+00
8.680182487037690464e+00
8.618131112503006008e+00
8.971820261727730283e+00
8.645750129260859396e+00
8.602724693850746007e+00
8.582554160176066205e+00
9.061832200343415522e+00
9.031162202263608663e+00
9.397902645455967985e+00
8.667061067271916386e+00
8.911467096885788308e+00
9.374232029523486887e+00
8.641945127652292058e+00
8.801859056240417090e+00
9.558956733688892982e+00
9.501778157064778796e+00
8.846416906018237825e+00
8.797883322131937689e+00
9.458755130340010808e+00
8.920325599353201795e+00
8.657304418103702659e+00
8.851004697374417418e+00
8.896783994296489695e+00
8.879620712036331298e+00
8.766292593828811874e+00
8.592276586022940421e+00
9.253240435803824937e+00
8.570625316414488992e+00
8.587848595505482407e+00
8.594079614700488534e+00
8.524706922739664350e+00
9.233698389261284944e+00
9.302959725908632294e+00
8.577109927303759207e+00
8.807593488057207765e+00
8.757312299292758340e+00
8.579387520203397344e+00
9.246175145831424302e+00
9.245555163095232842e+00
9.064163746943222577e+00
8.605149575782490956e+00
8.668331898581712380e+00
8.621699850195950532e+00
9.190089653317574658e+00
8.812187453692924777e+00
8.594843909578688823e+00
8.506326381422748995e+00
8.678234483897659501e+00
9.614083051877926778e+00
8.519864529327591640e+00
9.351552359473073395e+00
8.536340744050869844e+00
8.988842895040033198e+00
8.726670599949621021e+00
8.803009924889851234e+00
8.640401698347099924e+00
8.718939402782062587e+00
8.698143129320055067e+00
9.027856095859197794e+00
9.259531937837556015e+00
8.768922967280728287e+00
9.164604695445593308e+00
8.507237666033923063e+00
9.123629798591435858e+00
8.857955592916431087e+00
9.192142679779202297e+00
8.642294283238699748e+00
8.745619721543658187e+00
9.015765989790521573e+00
9.216987130823614649e+00
8.820376305889300994e+00
9.213395820841679296e+00
8.876308031591250369e+00
9.813207108697197256e+00
9.334067762721719674e+00
8.751921226454612679e+00
9.504593208415727190e+00
9.094222437750355326e+00
8.857590441495705846e+00
9.806849370988034664e+00
9.012867331004699167e+00
8.623186756798711272e+00
8.571706990965790141e+00
8.667328238922756611e+00
9.057911663607459474e+00
8.878080076627497874e+00
8.760154182557034375e+00
9.085535201624908908e+00
8.514908768469908296e+00
9.160614649173723478e+00
