1.107307629739216459e+01
1.061390285164453573e+01
1.075433977745394465e+01
1.052357114738780908e+01
1.050738713881551867e+01
1.194997892771973902e+01
1.082801615005137919e+01
1.074228934286388437e+01
1.062419807931573246e+01
1.115115892097794337e+01
1.102442487013095374e+01
1.050097520305112653e+01
1.110176236554407936e+01
1.057009032825953909e+01
1.147419916366164117e+01
1.071495307195283786e+01
1.079970671403505200e+01
1.050312134002230735e+01
1.117720233025523591e+01
1.069818523613800920e+01
1.088310351689267819e+01
1.139517020730813890e+01
1.059853189651225236e+01
1.125182717888487538e+01
1.083743286971953168e+01
1.138857420211596505e+01
1.117402088274466365e+01
1.079363679950841970e+01
1.055570689248902916e+01
1.051892796844245126e+01
1.126550040964452570e+01
1.081728026103353102e+01
1.098074575519583540e+01
1.128086504780378085e+01
1.069580864651507923e+01
1.131232541093273980e+01
1.051725682320369515e+01
1.067917973314572322e+01
1.115791128073233196e+01
1.122550032057596070e+01
1.145878875286928888e+01
1.069469428396584121e+01
1.111357739991886007e+01
1.171776857817667938e+01
1.085880808476870030e+01
1.066103232992955974e+01
1.052442572206090254e+01
1.108706003296569165e+01
1.058745228737202559e+01
1.075285703214350264e+01
1.069893764293047411e+01
1.077439517970251792e+01
1.133732988466956471e+01
1.078104680721410702e+01
1.135502754230718736e+01
1.114854657188429243e+01
1.068483950851355857e+01
1.070492841086927527e+01
1.074075380291476733e+01
1.092587504911425711e+01
1.099116481392243294e+01
1.160025899992809073e+01
1.139490663085627276e+01
1.093150835595841741e+01
1.052899209587143048e+01
1.087380752884194202e+01
1.076482128097612545e+01
1.087336937473136089e+01
1.052518745699197567e+01
1.192994826244716045e+01
1.053572373558801090e+01
1.067434632309765519e+01
1.054525876068862367e+01
1.087571917175354841e+01
1.072814482649530987e+01
1.074459996637242831e+01
1.112563980879054171e+01
1.133233181123771871e+01
1.060459301547549060e+01
1.067854591540285192e+01
1.081608838128411421e+01
1.057097574061539191e+01
1.075256899658985610e+01
1.069407032277966962e+01
1.138113508017818631e+01
1.062572521676438342e+01
1.104152232842626269e+01
1.063698557591035510e+01
1.094418512639907526e+01
1.090493989193581825e+01
1.080544250648202720e+01
1.116564638263724163e+01
1.064143088221237932e+01
1.081957928880289366e+01
1.168714852963045558e+01
1.061587112696230584e+01
1.087391098770793718e+01
1.068801525323682355e+01
1.057789792589047018e+01
1.122259055819414897e+01
1.090120039312342648e+01
1.090219589906214281e+01
1.087383000109220710e+01
1.061664778832310674e+01
1.089342743017020254e+01
1.055739537213312040e+01
1.099995080047954943e+01
1.053226838371639218e+01
1.061966552979681566e+01
1.068876336560226292e+01
1.067851537718668808e+01
1.115841187337596274e+01
1.068441841190486308e+01
1.054641280948845505e+01
1.054265351271168782e+01
1.059418508587321028e+01
1.075803315323571141e+01
1.062461313088146042e+01
1.064947536403727568e+01
1.061633070033544790e+01
1.069180697249362666e+01
1.084107724254567806e+01
1.159411448197928607e+01
1.112952875785557794e+01
1.060896779513257648e+01
1.114485796062866640e+01
1.102916286097220677e+01
1.133681944607170955e+01
1.078749854395190688e+01
1.125137927656296455e+01
1.101617333271185117e+01
1.067462114223091163e+01
1.075487697480910754e+01
1.119998648925416163e+01
1.115192061720551919e+01
1.065635958677712125e+01
1.119632424955231009e+01
1.146244577189882996e+01
1.127273929979101652e+01
1.074883832232622360e+01
1.087038063311918812e+01
1.121270389474566009e+01
1.103613411465630101e+01
1.102808006806442087e+01
1.068274307809613788e+01
1.093053625361411463e+01
1.053415498720218579e+01
1.069073629898567290e+01
1.062847904014049760e+01
1.075290828458021153e+01
1.106110823236025631e+01
1.066628501309916821e+01
1.061307490272538701e+01
1.120597561003772569e+01
1.136146264563745589e+01
1.079605016671541406e+01
1.065569626754973243e+01
1.066088027799006710e+01
1.077390664493949757e+01
1.114427142545930316e+01
1.088734884259298141e+01
1.090090398024894469e+01
1.164654621289904668e+01
1.054875285297088183e+01
1.081783877899536606e+01
1.082121216634206284e+01
1.088102846735204920e+01
1.060603029655750618e+01
1.060665969433970091e+01
1.077337431534596135e+01
1.092638871383476129e+01
1.069455317590034760e+01
1.083529575235469622e+01
1.173858709110234422e+01
1.051907443776552853e+01
1.081085489413102607e+01
1.081698890581481010e+01
1.100950985296238827e+01
1.067017040687886364e+01
1.114068187219832495e+01
1.076291481903239244e+01
1.055977627642861805e+01
1.094829334690703426e+01
1.051654246793996350e+01
1.103658170294793806e+01
1.050760809698409481e+01
1.091784457774049599e+01
1.125881436392646862e+01
1.101651316954070836e+01
1.094296407561186513e+01
1.078534568134850957e+01
1.071733327398375835e+01
1.074107141988499592e+01
1.074440686262597033e+01
1.086114486104903243e+01
1.059030741228658812e+01
1.128136085676288047e+01
1.094438708937660820e+01
1.074399016610504276e+01
1.168500259167302069e+01
1.126207256058843953e+01
1.092692887620821907e+01
1.074209489546744578e+01
1.074022591735922205e+01
1.054185105867782646e+01
1.072169820701905607e+01
1.065647689403466991e+01
1.092849638736817042e+01
1.104034333518253419e+01
1.068755733352946891e+01
1.087450390298104885e+01
1.112278764747189186e+01
1.095949940968991321e+01
1.106754371529388692e+01
1.063840870490150792e+01
1.095298653457350113e+01
1.067508195698447970e+01
1.064667841991361996e+01
1.067318629555882659e+01
1.073842110326130062e+01
1.081472111102470279e+01
1.064570448343410192e+01
1.072685573886723986e+01
1.131405094024810687e+01
1.058476924971166966e+01
1.063687552724254459e+01
1.053807025769527783e+01
1.102783515046943918e+01
1.086076028761120327e+01
1.081730741065157630e+01
1.052157320477283875e+01
1.153390796854583300e+01
1.120945949481644810e+01
1.117095390075796857e+01
1.126750265347947888e+01
1.110932792837892968e+01
1.058782912770524831e+01
1.159511494165001722e+01
1.141825749543600388e+01
1.101402863538636190e+01
1.068727892627319065e+01
1.050069628415206680e+01
1.082620382501369249e+01
1.091618819229796244e+01
1.187338106573400331e+01
1.058368116527715230e+01
1.055577519938195152e+01
1.078131888887422107e+01
1.107633753497463047e+01
1.072000513403064303e+01
1.097941961055198590e+01
1.129783696197945275e+01
1.113115395863890456e+01
1.056383878491441131e+01
1.079594468471569613e+01
1.052381736959362257e+01
1.060647774793611831e+01
1.110109622542950447e+01
1.060997707181909355e+01
1.088509604891941152e+01
1.093434061217226372e+01
1.059879640351748620e+01
1.136070117689814118e+01
1.053669350605398236e+01
1.137313107826215486e+01
1.057155670593312280e+01
1.132454300170538986e+01
1.073938021284948263e+01
1.112656388635211790e+01
1.075806589601530305e+01
1.105518047668009629e+01
1.122401395596467211e+01
1.085753877811657375e+01
1.076373990537241632e+01
1.075834873686227411e+01
1.053549341503203962e+01
1.050928490743757493e+01
1.106743491122584189e+01
1.077333860311091129e+01
1.059525645255111570e+01
1.126009545184768257e+01
1.095556367775620998e+01
1.081744853232093817e+01
1.073174372620574957e+01
1.072323784182799855e+01
1.074186343628216989e+01
1.129144691752381746e+01
1.074693650096577002e+01
1.051210596074031756e+01
1.059132904081010729e+01
1.072425043111231346e+01
1.060501273174570613e+01
1.117499601656647457e+01
1.211151877549731815e+01
1.071593425756738327e+01
1.082568036675020906e+01
1.052985799717556503e+01
1.062309452854635339e+01
1.064557310827435010e+01
1.075324188115146029e+01
1.118038973718977047e+01
1.076163259036881392e+01
1.106488709021138206e+01
1.086009329984166705e+01
1.098070028750186111e+01
1.062487788627644747e+01
1.052433129365421394e+01
1.065712607407316881e+01
1.056360933100693344e+01
1.102108613990830221e+01
1.089393352294243300e+01
1.113188644737851618e+01
1.076406896496838428e+01
1.066625258624690886e+01
1.123983910293174660e+01
1.089078316990540074e+01
1.081621862262002765e+01
1.130213114191114343e+01
1.072536272555543491e+01
1.076862292881381045e+01
1.066423559658508680e+01
1.058354929177157544e+01
1.089536298186988716e+01
1.137926354028923015e+01
1.096613433852652264e+01
1.098091045112055752e+01
1.123497344275167720e+01
1.101834650482499889e+01
1.074505252149994305e+01
1.114554150967627066e+01
1.057801927882340465e+01
1.125996004285907226e+01
1.084447229533947699e+01
1.087423347870946699e+01
1.138321302598365037e+01
1.099999007862260569e+01
1.054906345772681497e+01
1.066123677764520039e+01
1.102990230929431270e+01
1.055848807482735197e+01
1.066678554343981133e+01
1.066836999655323837e+01
1.102655406773005708e+01
1.053237270296365580e+01
1.072340042452617226e+01
1.078135889141089265e+01
1.054599423318534690e+01
1.080519879688100104e+01
1.086238570818131421e+01
1.159051331448343269e+01
1.126406186813785837e+01
1.140775095951183715e+01
1.067304835777944128e+01
1.059466590832691324e+01
1.095624803634880884e+01
1.062766054235789248e+01
1.090885927678284339e+01
1.062390904004357139e+01
1.054086842550487546e+01
1.079807441805550994e+01
1.095431052115021586e+01
1.055912767523600593e+01
1.087747252366527917e+01
1.078907332470135749e+01
1.066277945329581200e+01
1.060855532341408214e+01
1.064901907248644264e+01
1.131432187905775244e+01
1.051997715671150502e+01
1.059295490262335804e+01
1.085168104141405010e+01
1.099994981457644094e+01
1.076964967775693083e+01
1.065297536032577597e+01
1.067545719865497844e+01
1.096671171616345575e+01
1.103225449664075342e+01
1.158693860895786543e+01
1.102199265033636166e+01
1.077809239610045466e+01
1.065638166015280319e+01
1.086502368211058389e+01
1.104759454002557106e+01
1.057332519458647369e+01
1.053751502365667392e+01
1.064237103628293468e+01
1.077614281103118898e+01
1.098421908666671598e+01
1.050573004393640453e+01
1.086823581145332440e+01
1.068651553132377430e+01
1.071652083609935602e+01
1.078640743172178595e+01
1.080642524003955529e+01
1.076348137790392911e+01
1.055487545957463169e+01
1.060039915150679590e+01
1.083203881226015142e+01
1.075258231037476264e+01
1.196923705120369341e+01
1.109968964560325055e+01
1.090568891050390832e+01
1.087590532053299519e+01
1.053135087201761166e+01
1.099388177061358007e+01
1.089069782825579580e+01
1.084986187353429443e+01
1.109562517385180058e+01
1.111725945848871433e+01
1.063750448456741005e+01
1.061676441595735376e+01
1.097675329053065418e+01
1.071362472259320597e+01
1.080246850801276537e+01
1.052782371879049350e+01
1.077884136049469532e+01
1.144727882601533864e+01
1.100517106424641867e+01
1.116946340266653337e+01
1.094592318297356748e+01
1.090765788017682070e+01
1.159075953602305376e+01
1.082919611904148205e+01
1.112719809459872522e+01
1.064711049731964110e+01
1.056406956792528895e+01
1.061462603249627001e+01
1.072154828701786045e+01
1.080692296387010742e+01
1.129772204653793466e+01
1.091426141713323261e+01
1.096017498183739747e+01
1.075143835742133902e+01
1.098667431436651043e+01
1.076516434787678733e+01
1.092806047204142850e+01
1.086598244715501060e+01
1.069800784200669952e+01
1.055248631890209055e+01
1.057713548941207193e+01
1.089880714642450066e+01
1.054588009648746905e+01
1.080117256088072963e+01
1.132015900594986313e+01
1.090550413108802275e+01
1.163393574357304772e+01
1.068450573381932855e+01
1.096721069670708104e+01
1.142178749245004532e+01
1.072646736108089272e+01
1.086415858638475918e+01
1.121481798034925603e+01
1.071399025165668561e+01
1.050561091514005518e+01
1.179185345911170479e+01
1.076661279929130544e+01
1.056881996090780973e+01
1.105852548491461818e+01
1.070968858643164623e+01
1.060636134413882559e+01
1.057452797544899425e+01
1.101562202850835348e+01
1.185476686812668490e+01
1.075640422539030361e+01
1.109219161980247037e+01
1.097142299902629148e+01
1.077739486642350641e+01
1.053068404847823913e+01
1.076900434759120095e+01
1.051834366185923031e+01
1.148975615063564959e+01
1.076897483784512488e+01
1.090255187442049944e+01
1.144311072215766956e+01
1.089977170573788889e+01
1.060884473276955831e+01
1.148697942961298857e+01
1.061888458638709487e+01
1.058065207395630480e+01
1.073556453828414448e+01
1.078760508614926650e+01
1.163983309595833759e+01
1.088109627928506207e+01
1.114918620012780259e+01
1.109887254600091211e+01
1.076380233387122232e+01
1.054684792727909581e+01
1.057531425509188772e+01
1.184181583978402408e+01
1.123779361211781591e+01
1.072391094800874356e+01
1.119059635350876292e+01
1.132210552768452061e+01
1.138536712170657772e+01
1.126747927948818173e+01
1.061777614426054939e+01
1.113157545112332869e+01
1.053489246476119945e+01
1.115018679980865812e+01
1.090053484520739602e+01
1.105725116557683307e+01
1.087746212181538752e+01
1.091859924423542161e+01
1.052320803643132940e+01
1.051971709558006296e+01
1.115845410213064781e+01
1.068663759977157390e+01
1.115119113355600788e+01
1.102198866653934850e+01
1.089028764022980411e+01
1.056596537544406189e+01
1.054143331011765738e+01
1.075075054504970140e+01
1.139100345522672342e+01
1.064374530883989323e+01
1.077833036520194554e+01
1.095929295532173242e+01
1.083465469297170714e+01
1.051572915091786520e+01
1.101318894548446004e+01
1.137076041442744057e+01
1.092053769429593935e+01
1.090356870864492222e+01
1.119471545193882633e+01
1.119069090406493672e+01
1.061812191386136739e+01
1.077837309541374822e+01
1.116925503797799735e+01
1.105713189874225755e+01
1.120999264184792032e+01
1.058147570584318231e+01
1.079102504716616551e+01
1.102791402283187949e+01
1.105171699172877275e+01
1.054505797000096479e+01
1.103119392918398489e+01
1.094471545338977592e+01
1.072612636771693673e+01
1.069543630487716257e+01
1.051818292099009966e+01
1.075645792523538802e+01
1.069739024652049686e+01
1.078513201850420877e+01
1.102768691864268291e+01
1.059167838580783894e+01
1.082164374810540153e+01
1.113072507203181516e+01
1.065841973760318417e+01
1.124482627980199290e+01
1.141570109053585469e+01
1.057094911595575581e+01
1.057276051966364427e+01
1.096266141791494064e+01
1.085089509995018098e+01
1.133122538618922981e+01
1.114356627089613738e+01
1.083873528373376871e+01
1.054309870402085281e+01
1.056211730378869262e+01
1.079775023191553629e+01
1.069574953158215003e+01
1.145215212738947486e+01
1.098289010049921899e+01
1.067291570328378469e+01
1.073172532700127491e+01
1.055070986176498948e+01
1.065911402600624136e+01
1.070539358646149175e+01
1.095954198275687475e+01
1.060898899193202105e+01
1.099434350471343613e+01
1.057399501010847587e+01
1.130851017262062719e+01
1.094490916505675671e+01
1.090102210954950479e+01
1.061845390546029932e+01
1.106422567806057344e+01
1.065015032457750621e+01
1.113799821791842426e+01
1.111187650864887289e+01
1.143818588861954666e+01
1.111686065752570585e+01
1.073731212771737020e+01
1.084567329995184437e+01
1.094531196321196731e+01
1.067091293807107633e+01
1.114084932069425449e+01
1.071245522419106777e+01
1.058191566832715225e+01
1.053733418673883904e+01
1.097709189443824229e+01
1.066904946900012874e+01
1.122255978737095106e+01
1.110332345684514266e+01
1.057244859281970939e+01
1.088212458326901988e+01
1.156832724594949013e+01
1.118486840313307695e+01
1.126149654188012761e+01
1.066775307885155044e+01
1.104635449558478300e+01
1.071987488863934246e+01
1.118300259035518351e+01
1.056450623381180520e+01
1.100251136842417843e+01
1.096237527297033054e+01
1.066679970966632318e+01
1.095026475852825953e+01
1.135003158762128805e+01
1.093451184791675246e+01
1.061637406716939935e+01
1.069682626927322744e+01
1.072796413060735077e+01
1.070022123302312167e+01
1.100177815914438284e+01
1.147999388564281986e+01
1.084032748412758451e+01
1.112713628858970516e+01
1.145702046012701558e+01
1.074399594575709216e+01
1.052901715305092800e+01
1.107920299557825672e+01
1.105731422745721737e+01
1.069485674354059235e+01
1.067198415656323540e+01
1.102179854184475438e+01
1.059864866553613183e+01
1.120838227952400956e+01
1.123906876357479234e+01
1.089147917458415371e+01
1.063888103139619190e+01
1.147575274412715096e+01
1.064964523756120585e+01
1.069874988260868776e+01
1.079278244326168235e+01
1.085373853969396407e+01
1.080302415193434840e+01
1.050012968573058814e+01
1.124201014041186042e+01
1.051487817023524585e+01
1.128065761876706752e+01
1.117474091144598347e+01
1.142853606699737412e+01
1.070211979073864583e+01
1.061358407024648187e+01
1.053404532471333965e+01
1.100524842997906561e+01
1.059874688997750702e+01
1.060596059726440288e+01
1.064644444695795755e+01
1.067830690260329263e+01
1.063549194953633759e+01
1.092747144512514268e+01
1.084604241589142859e+01
1.096796094231421570e+01
1.095963746766488001e+01
1.122899328686976617e+01
1.052302315100181040e+01
1.088416737054096295e+01
1.075214442605463105e+01
1.112577300970537308e+01
1.064524248220170755e+01
1.092885892505420742e+01
1.067229237244412943e+01
1.064924525693033885e+01
1.071159063239946718e+01
1.053988243915592093e+01
1.107080787769174179e+01
1.128014801839481152e+01
1.051064464296326761e+01
1.096966865851972628e+01
1.088855037029964734e+01
1.133579271507359110e+01
1.100276701347754482e+01
1.077565949351793506e+01
1.090164775201011871e+01
1.058006065444317834e+01
1.060232225343420254e+01
1.064216137474357637e+01
1.082405801573464288e+01
1.067045197618282337e+01
1.056317453740772727e+01
1.085195280796140693e+01
1.101589529442097870e+01
1.056058213900297460e+01
1.105032710703372523e+01
1.051483400043536776e+01
1.101708213283951565e+01
1.149353452657580377e+01
1.080396557449959261e+01
1.054133795354206882e+01
1.068102280894153111e+01
1.059297358767320674e+01
1.083798205941727311e+01
1.061428923968783522e+01
1.195482652393568301e+01
1.077637530263985788e+01
1.075314091752420609e+01
1.054025231537692875e+01
1.091955304243631630e+01
1.057821335971308940e+01
1.066708019308122246e+01
1.069207940073211915e+01
1.056164086476002240e+01
1.118612413838113007e+01
1.056948681346321095e+01
1.082399225515374042e+01
1.068529869903223428e+01
1.065047315613682599e+01
1.064180834385919816e+01
1.098692036726090926e+01
1.113203835517803242e+01
1.076863100605911683e+01
1.070522784819848461e+01
1.105272529990813979e+01
1.067200699253557161e+01
1.125796063540035519e+01
1.068853440859803783e+01
1.053213990061992078e+01
1.081426456187366192e+01
1.069259635585671475e+01
1.081092064177481049e+01
1.068728952744777949e+01
1.174208512969858020e+01
1.161714545740363924e+01
1.093668191958219360e+01
1.133876245463248722e+01
1.070142129042568513e+01
1.112389618070991482e+01
1.109385527194645071e+01
1.073057883672626467e+01
1.104181569238887484e+01
1.055880128229484427e+01
1.064787643760761071e+01
1.063309152454734807e+01
1.094429016894043549e+01
1.062781417379617821e+01
1.068160849300700832e+01
1.067413287737721816e+01
1.145299882726081542e+01
1.147156577407313272e+01
1.118875697625635368e+01
1.080002115541931751e+01
1.082947020693113060e+01
1.074408974979868425e+01
1.080703394739698808e+01
1.058914441503084802e+01
1.067321769167424073e+01
1.061705557266469846e+01
1.127929416981867483e+01
1.100758286244196071e+01
1.058394790775155414e+01
1.078432735682263299e+01
1.071008766040937132e+01
1.050936461753848050e+01
1.106251952587284393e+01
1.079157659191170815e+01
1.073501032383469678e+01
1.061515628201885164e+01
1.082808812102129536e+01
1.067365330469844764e+01
1.084338819096207018e+01
1.065957903546524577e+01
1.068770556041053510e+01
1.078047108466130766e+01
1.093063574088735379e+01
1.120687200563074803e+01
1.067833066677835774e+01
1.071127353666865289e+01
1.096215486313091958e+01
1.189860399502219757e+01
1.064668851431961727e+01
1.064016364385135205e+01
1.117084800790843957e+01
1.113803555559060854e+01
1.071239608278022359e+01
1.050924376285892237e+01
1.078367092296452512e+01
1.087229770614790070e+01
1.108768643907520968e+01
1.097801909279137966e+01
1.098920306575281813e+01
1.114562158497845523e+01
1.110650222563157641e+01
1.081649047356426685e+01
1.056587159461938263e+01
1.116175711167460527e+01
1.092239687931101777e+01
1.052069403520552271e+01
1.112471349719232450e+01
1.075742304636233015e+01
1.070222141947336425e+01
1.084918035074469422e+01
1.098863079013189292e+01
1.138976282893978009e+01
1.051630711189783085e+01
1.069581712553758734e+01
1.052535594684294118e+01
1.120784095064330366e+01
1.102202507163474721e+01
1.067294207439280207e+01
1.109938699449154242e+01
1.095141117671785835e+01
1.097721160205121649e+01
1.107569687156082949e+01
1.060157185202173125e+01
1.092122136293190771e+01
1.085125828750651067e+01
1.072028696489141986e+01
1.105225014198516575e+01
1.078715363506876912e+01
1.081405497326909071e+01
1.063265832478601780e+01
1.106196115967129145e+01
1.050664303801173105e+01
1.083507093725245696e+01
1.086748715684625743e+01
1.067095709386126146e+01
1.060640405347261250e+01
1.072546586542407709e+01
1.056653882821333923e+01
1.104149031306422835e+01
1.090419434354962647e+01
1.052618678552478393e+01
1.149691700368536829e+01
1.110245528085315314e+01
1.161603592012514596e+01
1.096032824173738085e+01
1.144827907175081627e+01
1.114529471585285236e+01
1.069852161270138424e+01
1.108024163020700215e+01
1.057650303844233974e+01
1.084225700659431801e+01
1.134447794568323431e+01
1.085687675061182134e+01
1.146628954404689082e+01
1.074918095597982237e+01
1.085649946068523874e+01
1.089416428925393632e+01
1.152945784142498908e+01
1.102652455255101671e+01
1.091619851562599308e+01
1.054122371826928450e+01
1.064165242031642933e+01
1.057761746539493863e+01
1.084607616884368930e+01
1.180259146094597966e+01
1.119844675642950804e+01
1.082851246273055068e+01
1.084865674843394245e+01
1.052589816058983274e+01
1.119470051383963138e+01
1.074922351928092112e+01
1.051733161041347309e+01
1.138808807042313909e+01
1.079132923699982527e+01
1.099168193187565024e+01
1.086946239160054972e+01
1.112630741220867137e+01
1.153948148922550487e+01
1.093983839771620659e+01
1.057353239754861107e+01
1.091038441197325781e+01
1.051987511600035319e+01
1.072330349343149258e+01
1.054643174839518061e+01
1.068305057648200673e+01
1.131936102869585703e+01
1.063435488584522659e+01
1.111661494696849672e+01
1.075960911039629231e+01
1.074030525227549404e+01
1.121000272224330985e+01
1.077135068021766706e+01
1.168703640018324919e+01
1.062592883085438444e+01
1.127631855615996059e+01
1.067328602524774794e+01
1.088215268001200897e+01
1.057537526486073887e+01
1.052939009906694245e+01
1.074281280547894823e+01
1.061331177514934510e+01
1.082802127900207978e+01
1.065470611727495864e+01
1.052437013221810069e+01
1.103824661693785458e+01
1.071568475945498911e+01
1.060882744770689001e+01
1.147145731219251985e+01
1.082829791228158811e+01
1.088859938835883412e+01
1.153863605487157606e+01
1.057431499987146140e+01
1.061523237693489108e+01
1.102928548101638029e+01
1.088676247506366934e+01
1.077324574789686373e+01
1.057051580746313135e+01
1.090665537474168367e+01
1.079249486382657786e+01
1.098813188685555176e+01
1.069294489456945740e+01
1.076400676657492284e+01
1.069808231637964724e+01
1.062727673026466313e+01
1.084357669975446470e+01
1.118472085720657816e+01
1.052158394521071827e+01
1.082582967807845620e+01
1.107773433307022337e+01
1.095204687585817638e+01
1.184903254998809352e+01
1.053589989399839411e+01
1.060206126384779068e+01
1.070601308377197114e+01
1.050390236164781754e+01
1.085272214764031418e+01
1.095828756757559219e+01
1.077576995702339069e+01
1.077475193413125609e+01
1.127172591487814124e+01
1.093153581529052332e+01
1.066824745700964172e+01
1.070598999723565647e+01
1.062720723822055291e+01
1.066900410880732863e+01
1.098722032997023845e+01
1.095555627371939522e+01
1.066701738580028014e+01
1.086920269963586527e+01
1.123907342522053909e+01
1.067148530589472344e+01
1.051560391284590246e+01
1.067661652822429730e+01
1.144306682573370182e+01
1.051285568849610641e+01
1.057646889041037497e+01
1.060974026108076984e+01
1.102502903855132033e+01
1.165119213195920977e+01
1.091046085929087539e+01
1.055557206752619059e+01
1.080489317536056504e+01
1.111736698274335744e+01
1.061318655965088809e+01
1.068985571558549097e+01
1.098461995821056192e+01
1.070475507705302576e+01
1.105021812174473261e+01
1.113392351835434546e+01
1.118736039113413838e+01
1.087876471355565045e+01
1.074707158008510532e+01
1.093753398661042553e+01
1.061780903677099985e+01
1.062962988858220825e+01
1.116838821716995334e+01
1.116621000924612694e+01
1.076714755495509479e+01
1.081202567656532665e+01
1.078384396653732757e+01
1.080066800358092038e+01
1.064474350184081075e+01
1.063854466932009046e+01
1.119059451749629019e+01
1.098412660765785631e+01
1.162680080522986259e+01
1.060109056003368089e+01
1.138551844272501512e+01
1.109452176180534444e+01
1.085926930164100490e+01
1.097045768258165133e+01
1.119856701131613619e+01
1.085931220659266927e+01
1.096476198520504397e+01
1.163481599584495996e+01
1.104049256752852415e+01
1.054925602520929218e+01
1.103658424669734650e+01
1.161218119921595004e+01
1.075555747493525338e+01
1.052722801533149521e+01
1.104846223914710635e+01
1.069884819671117882e+01
1.136938725478496082e+01
1.061540577366355365e+01
1.074556723388177382e+01
1.051483954965596190e+01
1.079045765758497311e+01
1.062021541750242548e+01
1.091821976287172546e+01
1.107056782879586621e+01
1.067912240436846005e+01
1.058419988032376580e+01
1.057532207553706805e+01
1.066244567915546781e+01
1.118357453371893939e+01
1.078628879438577925e+01
