4.231957399242715745e+00
5.235267974398513324e+00
4.187378249090267346e+00
4.973433286037697520e+00
5.586484561218630240e+00
4.891858053730087974e+00
4.523809330716504817e+00
3.747158417514381057e+00
4.465398213032875319e+00
4.422303748390157274e+00
4.084162204919433492e+00
4.403638093784396190e+00
4.317770823732019814e+00
4.010285974138509069e+00
4.426256909658023098e+00
4.182631465277905747e+00
4.527665253298415848e+00
3.595078441679508074e+00
5.158949948167391497e+00
4.950798120136720826e+00
4.566092898444424009e+00
5.022110844527606588e+00
5.389591232018239531e+00
3.888122398555033499e+00
4.667028608522238109e+00
5.938608414595236695e+00
5.626797474944597255e+00
4.630978875121781080e+00
3.932101748422927479e+00
4.605034168167216002e+00
3.065943151775969433e+00
4.077241880050909373e+00
5.353683982203516045e+00
4.280651530405370941e+00
4.677079459704612141e+00
4.209854940219178943e+00
5.312045881267848380e+00
4.804229915230425974e+00
4.279561686333509307e+00
4.906274085392365869e+00
3.881828439496836758e+00
4.363359929770458834e+00
4.115957136096326074e+00
4.739072429684207499e+00
3.866132447045585341e+00
4.369473518683444802e+00
4.203588385597849530e+00
4.507950005421608175e+00
4.307201638801661403e+00
4.771464386272992186e+00
3.516373491489303227e+00
4.671215769144694718e+00
4.131516632924704169e+00
4.191638962001678514e+00
4.921267289378447707e+00
5.350712494935164543e+00
4.261316227015571556e+00
4.970807820185529025e+00
3.870432640552843750e+00
4.671208767632986536e+00
4.838870913687748576e+00
3.994436716170339352e+00
4.406719454116304391e+00
5.120527175393683628e+00
3.869289112177988432e+00
3.452622157943729064e+00
4.614525522799699075e+00
4.418845851377363410e+00
4.918474262960186749e+00
5.214352702616350754e+00
4.236581861952017469e+00
4.358259558689290714e+00
4.482791214824949577e+00
4.611396202667585875e+00
5.570386547573246361e+00
4.758368690056590466e+00
4.359752013561132067e+00
4.184113617804183782e+00
5.297418785109827333e+00
3.949729948098655630e+00
4.791815725853077801e+00
5.221163849982245253e+00
4.712615130156284415e+00
4.402957215044264849e+00
4.077384502337622507e+00
4.330726254223614902e+00
4.772134496296340345e+00
4.692031636562238539e+00
5.230441292173509282e+00
5.055837197607841560e+00
4.950396400922489448e+00
5.174871788128496242e+00
4.203121240243955725e+00
4.333442237185672674e+00
4.347120276740995770e+00
4.576055858714817681e+00
4.717499232990912894e+00
4.218498885472543591e+00
3.467510221502845269e+00
4.372319809074869390e+00
