4.257150944723661290e+00
4.328154085139852114e+00
4.081447483426047462e+00
4.483889778718970653e+00
5.670201362543781265e+00
5.177060003846496450e+00
3.908360847530997439e+00
3.521640771123339952e+00
5.136913600044288764e+00
4.546653454084624180e+00
4.079528418688946445e+00
4.725011774317073865e+00
4.684885151495003619e+00
3.917687986473227468e+00
4.177710823719682054e+00
3.722940279341286018e+00
4.096547265529991044e+00
3.942220966268502380e+00
4.066983973908130601e+00
4.741521145576789387e+00
3.675138218356420516e+00
3.864472707646984251e+00
3.946561690726099414e+00
4.261303460703762980e+00
4.236000926246036080e+00
4.170680467229563426e+00
4.838089744744274334e+00
5.940887320209763622e+00
4.542636627969212526e+00
5.295533353432917423e+00
4.368934355136522285e+00
3.877817004392341005e+00
4.384649861901589674e+00
4.232214840737705153e+00
4.491736476456923199e+00
4.702204049057597146e+00
4.451105875314756766e+00
5.257684514900065054e+00
5.099574060768683914e+00
4.765048405750039073e+00
4.487070514021390899e+00
3.940774664769477909e+00
4.369457742928141819e+00
4.768551172417952344e+00
4.215805634870458007e+00
3.870424996738259349e+00
5.163962197169928992e+00
4.775306948429623333e+00
4.646549064576901422e+00
4.907561254248150817e+00
4.988359864834380986e+00
4.479262985156210242e+00
5.090473854160389777e+00
5.190690282167376601e+00
4.195935704416652534e+00
4.636463533002425308e+00
4.533342835151034755e+00
4.547629919298207923e+00
5.267724017923999469e+00
4.245232595272417697e+00
5.565239768048845015e+00
5.146895575056940508e+00
4.448174162163740952e+00
4.952851123600751748e+00
4.867855978529695982e+00
4.730910241564026286e+00
4.265918324740460399e+00
4.072816779026338097e+00
4.722067760507664858e+00
5.003376581728154804e+00
3.430931201912421180e+00
4.682981121794057344e+00
4.428155494593148944e+00
5.135365322192529725e+00
4.268208029231254308e+00
4.467622847596192770e+00
4.518512048721079033e+00
3.960826626642893089e+00
4.780927075057979536e+00
4.978024667737908082e+00
3.713715291411250341e+00
4.225334007552548066e+00
3.613079224684171198e+00
5.355958973945080359e+00
4.716054386616243654e+00
5.400829218503798934e+00
4.539513313921163196e+00
4.924516479990731277e+00
4.339907417118477717e+00
4.312484939270590623e+00
4.344983350525232879e+00
4.703317741295539811e+00
4.320039560015046298e+00
5.141824071203902946e+00
5.563318414960749969e+00
3.562719093031081030e+00
4.067689261687299052e+00
3.892675491456065728e+00
3.638056083443711231e+00
4.126846502356919189e+00
