1.018464070724286463e+00
9.754884449129458401e-01
1.025143939196129450e+00
1.071066712831466372e+00
9.728632539757978703e-01
1.007682904314463501e+00
1.009312029642138953e+00
1.007284410840277422e+00
9.695269201161522687e-01
1.066884533116382316e+00
9.946829019824842133e-01
1.040846060972030473e+00
1.020916137671453061e+00
9.787285416061511922e-01
1.035679147155442958e+00
9.895039174460552589e-01
1.047220785401770549e+00
1.008206034713232002e+00
1.047348258864333470e+00
1.020121561864521409e+00
1.023940894607235252e+00
1.000132789571259950e+00
1.068277702109919458e+00
1.014765802532232142e+00
9.923183603770667771e-01
1.010797227823400091e+00
9.171718102340217227e-01
9.792049387283596751e-01
1.016517471635954406e+00
9.778736794528251064e-01
1.012010908693113720e+00
9.928196069231834953e-01
9.559647302355065435e-01
9.788261139303259251e-01
1.007051393236131576e+00
1.009191624612594484e+00
1.007495873484260729e+00
1.015759061571418043e+00
1.015640204330924945e+00
9.930894367204553541e-01
1.050484666730457706e+00
9.864672895283889131e-01
9.935415358620297566e-01
1.049472867362425177e+00
1.034558242914325188e+00
1.021424705709720993e+00
9.487896073001642616e-01
1.056063993907813803e+00
1.022632726355086064e+00
1.121908069335479485e+00
9.584479009353019663e-01
1.044703062324768839e+00
9.606294517282299994e-01
1.011753563180646909e+00
9.537559716030880042e-01
1.041117133264467309e+00
1.034722356491933004e+00
1.006963407059370930e+00
9.906081353641328358e-01
9.407190522950225064e-01
1.020680785318485162e+00
9.953313728502579671e-01
1.023558358603096075e+00
1.044378070009805093e+00
1.078758641935864349e+00
1.042466113684622053e+00
9.093448270139417033e-01
9.856593029381479631e-01
1.024511377935384271e+00
9.620902053695454814e-01
1.002110216503770523e+00
9.358330894844996140e-01
9.663346541435937631e-01
9.165886664638464021e-01
1.032772748905272486e+00
9.696397873166980874e-01
9.840839707716347862e-01
1.058465960938411277e+00
1.021485583575755030e+00
9.258228539826344194e-01
9.609861320122541350e-01
1.012374636514484116e+00
1.007792342296625954e+00
9.714761139863427042e-01
1.060317268667905433e+00
1.011586832478100328e+00
1.003577491354284978e+00
1.009092536351665848e+00
1.024527283889846263e+00
9.803862114216134183e-01
9.896818252673267313e-01
9.677214590013737405e-01
9.643194835306346802e-01
1.063703061574935660e+00
1.025678445900925162e+00
9.990432599798024782e-01
9.701044713258996088e-01
9.735662775078934850e-01
9.371385809428101066e-01
9.933943726258436246e-01
