4.940495427509391746e+00
4.304896770252261362e+00
4.099308187139638626e+00
3.720013741603432234e+00
5.077676006737252834e+00
5.197680347555573732e+00
3.912806892610818821e+00
4.286203513595564729e+00
4.033426561947138111e+00
3.902128592338375057e+00
5.140396314153504953e+00
3.709229776199842732e+00
5.531942226994743805e+00
3.848978550874444071e+00
5.048022934584897037e+00
4.583742921386559921e+00
4.331312995832279356e+00
4.296960634784574573e+00
4.848924434550379026e+00
4.258535809956732088e+00
4.702578461572133328e+00
4.521721856294280251e+00
4.481152768229811123e+00
5.144100996088663003e+00
4.568703003769965854e+00
4.970917821219613231e+00
4.799739933505916767e+00
3.616160229411247595e+00
4.874564137017403986e+00
4.108596537336507204e+00
5.149854526629972895e+00
3.641141867693504786e+00
4.284276972611623435e+00
3.858462632782673207e+00
4.469386378824851569e+00
4.957725296867885767e+00
4.235189491359747649e+00
3.983784007444631570e+00
4.280412039786555489e+00
4.946142944139454656e+00
3.960702056451378184e+00
4.126219418880637591e+00
3.757802063492631017e+00
4.770447532930836232e+00
4.367147548523773182e+00
4.253264590934144884e+00
4.789382893484253501e+00
4.288266852437355503e+00
4.803043145698444150e+00
4.948610305265175313e+00
4.109944622869712738e+00
5.470070294804769695e+00
4.007593461323740058e+00
4.224535110939607208e+00
4.041927245900832411e+00
4.301258494882265637e+00
4.474999615578420631e+00
4.527807658621507692e+00
5.026012679170595021e+00
5.111798645087722193e+00
4.114078754219241851e+00
4.656545230787814127e+00
3.890694819418151429e+00
4.448485352338459542e+00
4.269408331907265541e+00
4.261246748252702332e+00
4.478165646385021681e+00
4.806145888691586876e+00
3.759047017352569853e+00
5.085432152901490532e+00
4.813718782187768497e+00
4.035605819812732697e+00
5.273883961947878340e+00
4.507911529727926414e+00
6.275818109515653553e+00
4.074274569278141911e+00
4.543806919068873462e+00
4.223669880826170342e+00
4.243782867248794943e+00
4.615143193271004307e+00
5.208365027628207855e+00
4.930287382978627342e+00
4.797295271552212803e+00
4.574437393969093435e+00
5.210351718949569388e+00
4.490425857977974111e+00
5.072347355272768255e+00
4.985009810281173515e+00
4.103408056251073077e+00
4.871444344665674109e+00
3.374158517151664594e+00
4.270099506772119469e+00
4.129863935889373394e+00
4.508601867190710877e+00
4.816836938446294347e+00
3.852547110800780494e+00
4.518706569796161254e+00
5.270789449192322174e+00
4.128344242767107986e+00
4.729859651907481144e+00
